8169
299008
166517
4707
61419
103255
30498
144346
46038
67361
89005
183631
70883
102753
106911
53533
24610
110070
87015
6306
114323
121691
110172
33492
102607
75122
35606
136385
34182
38631
7013
65335
32738
81354
40221
30259
74721
96042
1463
64790
113617
73204
121697
89463
67541
136522
74029
51565
74892
100631
110780
23488
69285
103479
48311
1020
137825
49441
143241
99536
49735
4923
130076
133917
77436
60467
121617
714
79079
194323
29903
41441
125357
77517
46935
119094
107826
32244
104126
67342
39739
97664
158547
80751
130459
67486
66110
89533
64220
33312
124909
34031
9416
114103
171602
70588
43566
4674
16523
87400
122904
41778
9763
111491
23806
48251
106099
20147
6961
125923
29388
76223
30956
51755
91002
85290
31250
49076
114190
124705
96815
64788
1303
84123
227711
140624
99034
88810
60937
68506
90971
1971
280846
237269
263784
228920
62767
436633
513276
50395
439224
91367
268765
197783
84015
350361
81573
195934
292734
358428
139754
414997
135866
117798
90355
51436
30359
68320
162649
159630
191730
309703
157088
284646
159962
138694
310553
146325
108657
185635
212172
109727
172296
227798
92898
149313
293883
239139
183861
244733
203331
214913
152104
172303
214925
330443
257141
235176
298209
147389
222558
177311
65824
4727
37065
208892
72991
209435
211142
76797
15600
104901
35405
91342
285083
61243
12461
341737
158117
58078
94997
51778
76261
181842
154683
140457
21522
129230
169692
27541
125797
101215
123891
59735
84366
61552
102945
14290
33601
56639
73829
95630
80160
86063
97696
46363
27201
51466
97206
29935
21717
6071
136496
10048
36160
30067
15865
9081
50139
26958
78809
118442
88624
68028
20100
141190
78208
86891
134817
136155
6504
26249
111140
132503
41935
63505
67830
25921
41848
133927
2164
51705
3171
3062
32423
117831
25924
38647
96860
323
69673
45381
51932
23919
100043
24030
108023
41557
99966
50081
103241
25280
110355
123229
37409
120414
9062
79404
11888
19990
41758
25718
68182
42282
78273
1422
88990
100695
127285
124160
117214
93612
73022
96732
83107
12614
60839
23230
96679
98673
87055
62707
33996
116947
89861
16762
93743
107973
79693
17014
91852
50236
29897
31738
47848
148062
19603
74333
138972
98320
111939
37687
68245
113915
131645
83594
11241
145262
73941
128511
96324
45073
4824
69096
60450
110337
14136
111140
46639
53184
103253
141270
4491
195481
121401
92083
64343
153484
71701
73461
14849
17051
77955
20654
43374
9784
135786
153545
24882
141185
73886
107529
47282
17027
102125
36207
24120
21526
78548
1378
44889
159401
95397
46941
70955
4335
6429
85657
118371
61658
119068
93285
3856
56899
34955
16744
48215
3275
19724
12693
47972
13252
72717
25197
43072
54324
103671
91742
114546
127019
110586
35221
90939
80039
120082
108773
111960
25591
119956
72495
29768
24002
92062
119083
2940
94225
107834
63126
95627
17221
125495
24703
62263
122214
97484
127116
40673
123090
54033
158975
64824
45870
76459
153785
180596
92486
25580
114900
42574
89213
70826
84813
41695
117581
131904
26868
53316
66033
128260
27386
2332
86508
13635
70340
22161
28545
105743
66174
62801
91623
1083
34661
102683
75991
94124
97397
107281
116931
95711
54205
59331
76473
123784
91113
4973
66900
31516
40493
35328
70459
56627
74857
64147
53003
130609
57483
45635
31941
101085
146768
39702
600
78944
128644
91432
120640
39868
4526
8777
108481
122234
95109
33126
79103
16737
14103
18223
5280
33783
63444
120481
110504
79715
70438
96542
93305
71730
28117
125020
69461
32165
62061
12374
83845
20463
26301
83261
60693
60236
62354
13071
107238
27242
5692
51087
20016
14776
51939
119304
19411
40590
101228
96617
76603
33923
4099
50727
2613
106035
29918
62220
90205
58276
125404
31011
17849
81572
95483
102763
29498
113631
84872
58343
48210
45682
54709
30345
109614
92911
106403
121522
64483
41759
22670
37368
101846
82717
61685
71073
95563
68870
78970
103446
59011
123485
112231
120120
22576
22846
33261
102171
71616
14450
69314
87398
61925
31013
37824
59402
109528
93450
20397
101273
41676
40894
87510
52335
44145
43730
66313
91051
16824
108401
105885
35612
99072
10077
14450
66153
103421
76711
54550
58855
88179
117586
128949
21443
69673
92682
21655
103096
111067
25067
82367
45244
106135
42549
67078
21810
57987
58528
70295
49178
69790
119963
68845
578
111877
59511
20434
127739
47543
36410
110742
117408
58574
27191
87040
132522
76939
76195
36869
63819
98189
65572
96965
125425
55862
963
112917
38526
119734
5404
10229
8672
2588
106267
6242
88968
47016
69993
119290
79212
42811
94207
91086
95620
111785
90619
109287
110429
86145
74171
20496
107929
60849
14685
59812
113942
111710
6657
40762
95345
16842
9298
10400
89468
37109
32568
68566
96316
63335
47720
127667
62839
10825
9146
14416
96904
35888
46251
1691
79802
84658
129825
126223
15119
29475
26143
66570
117749
104529
26035
49211
108126
37896
52965
42249
94549
75707
104463
8046
60323
21015
74698
76123
120823
125366
78368
125549
122633
132020
110152
12675
116162
38824
28813
45660
71754
46944
91499
7550
117065
91391
75097
103649
47170
58549
71259
36843
38095
48440
140329
52670
37001
124754
49205
51923
29794
79796
91816
106934
28338
3875
13870
83221
46370
45348
33310
94619
40277
79952
50007
54637
12591
15052
44872
18545
98732
11187
30666
87963
58297
15727
64181
5747
89374
106062
44302
70745
122732
96423
15016
29025
6563
222824
56103
82768
104051
87330
14380
6815
99314
10063
96492
97083
17818
101436
90884
30874
51915
60892
98410
82807
20559
91371
16192
41164
11175
19648
122563
77670
2584
76613
42092
76049
47088
48252
15336
5980
135005
82028
103494
117765
18704
54323
77787
58563
24258
41884
61927
127786
103147
29464
26507
48726
20395
118545
103705
121949
95228
45959
80060
27026
123725
60336
100536
52071
59213
88993
80790
37696
79975
40477
48474
117401
136668
95121
94538
8182
87892
86318
14446
12962
62537
119874
113636
19381
98888
65227
105873
51628
126644
40993
15386
115787
67427
31773
69636
60220
92494
65668
15536
37308
65387
68048
46328
56507
22151
8256
6611
126029
2445
104338
7984
106314
84519
68410
104570
21542
17377
51708
93662
33075
492
79175
23962
92107
94727
106205
53539
115566
40150
114463
3687
75757
205047
129523
31977
35585
90691
82150
81289
122627
29449
73630
23209
111141
75296
113514
66656
55021
15848
44966
100754
79958
91749
64579
78401
75712
32279
129198
54996
127094
107018
78832
78094
93232
115815
121719
32900
65769
52826
99951
47898
95375
56057
62057
26232
13616
23640
80324
86151
108158
42334
113150
4572
10476
73040
105957
8034
41911
52014
84260
108260
56986
22652
19627
110540
46680
131375
127501
9965
129357
52703
121281
13152
641
86101
6049
52113
109540
90665
105900
23240
36406
131931
4655
16704
51506
68585
40200
92914
7917
3680
105036
70166
122160
40095
16072
66984
57003
13698
47423
113916
75961
3921
92282
102382
110095
53171
103521
79119
69676
84997
95353
56564
2253
93760
27342
71548
112299
62359
5585
112623
41851
41188
80949
26541
74933
126634
81835
49197
49113
130499
23410
13019
111316
89917
92638
100394
45559
85021
9491
80754
68017
19393
57870
104027
59119
76572
12623
49941
81593
27801
30900
24158
14635
47881
11262
65849
21433
39285
74989
42123
101625
99833
40815
44215
51089
70865
49539
69632
68309
58791
70326
35692
42475
29474
120979
90024
76448
118018
71785
89811
37426
112131
13929
100303
75401
21776
5499
54038
126627
57760
113050
35517
14729
113308
75027
87763
99264
97639
98851
86796
88907
50186
27048
51786
109288
3877
103580
1591
93473
88349
113530
19797
64304
31561
35130
93688
81948
92730
69651
63293
115215
24310
43718
20195
58243
15578
155347
88142
113238
2668
75834
78083
3573
93619
62766
28130
75865
70988
21286
52550
137632
22100
113284
44238
101141
134621
127811
51854
53500
97376
12054
109186
117310
11379
60082
25866
56406
66875
18325
118928
103688
61818
4724
73865
10626
29474
34972
91962
102200
94610
37370
101419
8679
298
42443
28771
576
7159
5850
51499
14893
63350
25288
5817
29449
102451
75982
12786
12139
22040
96801
56319
28212
98891
36297
43878
9228
2844
1022
28366
96631
30285
94220
56012
76989
85250
19104
56079
132640
105623
52798
110657
26099
110148
65349
19624
46195
108906
29580
94126
90122
119023
106101
53871
57725
97148
104073
125509
36823
89377
61230
138220
90528
27426
66256
64893
52360
42611
9165
121914
38391
31031
101210
44423
96853
119862
10811
112826
109516
154322
81096
72397
61983
59934
28998
45947
39457
124147
104893
126189
104570
55501
14176
41463
44577
4982
42234
46199
94084
71267
21446
110320
8309
107281
37334
118383
119170
93158
14351
78145
46838
82371
102593
20546
104725
72960
64548
30570
122902
68478
14921
17972
69932
11990
90428
50390
105941
107947
51976
17625
27967
25627
78110
56124
51651
65222
47841
88901
53596
17995
19132
108916
82129
56002
70355
60360
95120
101996
10929
21493
125634
78294
101319
100146
40985
29590
13822
120421
103273
74702
22814
109779
93314
93346
9104
48157
29395
8309
9364
85242
21302
87517
26973
109210
56216
78342
110530
88994
49232
108391
112663
12332
91615
30140
96382
101210
80873
76869
33492
56812
4162
44445
45371
90799
105015
5660
54017
25067
335
99552
146301
106583
62070
101879
14628
107045
47052
31520
92381
83749
27559
101401
14572
102460
1304
110575
4794
10658
56300
95212
45916
88379
62437
18847
64897
34366
107405
55674
62057
71369
116545
87620
32392
112099
16093
8157
13957
14879
9852
29740
77727
11799
111284
17459
102809
112866
58946
71911
112298
65909
116832
66338
34400
36185
85171
109540
70565
92495
107591
77635
33986
33322
93656
91480
48994
86979
72584
5801
49725
45910
15181
92513
38636
14537
101463
14311
57794
84287
86505
97788
63548
84224
77303
73549
88111
80948
22547
43562
50638
42070
117429
56775
113624
1485
102711
77989
6176
97813
43090
108527
97533
59030
114314
114887
24897
59247
44245
13422
85156
113935
140280
86183
38125
9094
21599
61566
100344
107926
77468
117126
70962
23949
96200
51315
112179
101278
88596
90022
4636
3408
37357
77011
17857
110355
34551
28457
67045
64592
57865
132919
73337
71014
87813
31263
89128
23387
15484
3280
38367
49829
61116
10722
24957
110904
74896
85574
31414
42565
77086
54489
87129
58647
80914
83675
72977
35232
63712
32074
63789
103207
22471
76358
1072
95451
100502
13213
59641
96434
66059
75655
26296
74575
11621
91015
81519
48946
46806
66471
56977
72871
106112
71868
116920
116478
47587
55183
21182
31918
26115
20655
43412
65119
19159
62387
1387
86382
20730
106014
21693
4804
49749
71358
94623
27953
28919
72899
29134
20917
60139
98676
11896
111864
88536
101742
14182
45300
19890
68650
66607
3900
49436
121868
49594
64069
13178
46125
88970
61596
28575
87276
11043
29643
9587
56083
15215
25602
143761
27940
119567
78646
25213
102632
105625
119413
70976
3778
12197
13005
39449
62182
72273
6975
37005
88490
108249
77594
47496
40437
79754
17074
18901
7921
18098
4977
56481
9674
61804
121910
55213
6363
100821
113204
102675
5773
49006
52047
49112
44228
38302
96375
78103
45872
82734
57285
59698
8029
54404
46908
14150
41966
92503
61629
19801
88325
126424
125547
109107
57503
119212
16190
77045
19684
84397
65400
91376
490
52165
75636
6907
52218
52209
68432
2182
57578
90817
82599
68288
118883
66562
76690
55329
61269
78824
24126
30358
41177
55155
53318
104496
78426
93693
1511
34382
462
21276
103354
6892
98457
78156
86595
85588
38624
61163
80694
45847
4114
4133
12215
106691
8810
65322
52945
45696
111735
56862
12638
21246
7864
40210
58379
32931
77309
48575
51630
43429
85575
68976
81724
95014
50755
45255
82980
105656
55767
37696
42221
97023
49835
60420
62586
2243
20084
16115
72260
73077
81911
99017
4578
89058
112820
26366
3856
25537
108815
104934
62515
104886
40194
7388
96220
55021
23305
73346
50475
73870
82888
91013
116004
36497
61609
21948
83677
34284
30824
1418
67527
56386
78582
69018
53943
37936
31951
83566
24900
98280
24148
14944
17983
57586
27077
5186
95975
78881
53962
9659
94841
14829
96447
37330
52437
18107
55637
50564
33424
22726
36517
60677
82907
93132
39195
67231
99511
96624
73975
54076
113421
67127
4699
120673
34033
67869
46482
92195
107088
9719
66692
76206
94189
10031
55527
72178
11821
29964
48750
54321
93690
46783
72118
77569
67948
11965
97076
47501
65794
8088
85246
68102
30687
8765
95670
21266
93694
78108
103895
32883
16443
18919
1035
43570
16128
77452
105807
48419
48537
37601
7778
42497
76187
46661
60963
105392
5406
55346
11272
64842
2350
49689
98976
3688
30816
52575
108100
86832
24934
55778
20088
85977
42222
18623
56173
33218
7975
56483
53567
26901
64595
93646
74017
44116
24069
51289
44880
84844
92681
111242
53523
97022
65664
56539
51655
60219
3356
77529
72296
8253
24117
46237
19178
97808
34604
82267
52147
16312
15729
96544
66362
92452
58339
16476
52450
5315
9459
36028
35638
29932
85309
60050
116672
109356
109007
21591
91317
44554
86136
74526
68797
41808
96355
24313
72252
110186
115291
95473
4063
26836
68405
6880
80961
125391
73888
45113
71543
2472
44698
92909
98820
28304
55349
99979
76329
64660
64086
71622
59211
73585
63197
76122
80122
24279
33043
24067
60898
55509
4605
98785
95050
14347
91918
11241
95975
78824
24741
20781
33586
8994
111924
37024
34218
101604
67066
11892
61182
43978
35179
40734
6527
118762
24543
6206
102924
39816
110088
76507
106369
84863
19153
77579
58040
29293
45422
98403
9905
65506
20729
54998
24188
40685
38335
3024
57005
10958
79772
64409
73044
32919
86401
42460
16255
49893
55234
54509
41778
80946
16385
29507
85400
71724
14872
95449
80249
60251
69516
74912
86870
27969
65396
15047
50379
13323
23677
42634
11062
48231
44311
100788
70828
88170
96889
9571
47258
21786
104910
83564
22706
27342
92302
76880
55153
32664
41916
53154
17095
38369
41044
100780
93425
21050
55676
56865
45750
67655
73973
36647
40836
44649
23773
100084
81612
8397
2187
16985
90973
70949
96652
61284
37369
19742
77809
78890
90961
98796
13153
37878
1940
18603
67431
58126
88554
16159
78826
97312
63672
47525
100292
58706
66861
44185
8608
37999
51853
66746
66679
36966
45487
33721
51643
87720
34900
33566
63868
30697
64375
80131
85041
41635
32076
16055
29682
15733
53182
74532
37498
46242
22673
76781
67191
42564
54133
47853
77038
92992
47009
38153
41798
75050
71516
44852
82385
91437
91279
22371
105087
25321
133337
16046
30302
113676
5732
25327
128457
77467
72294
74017
8201
64720
47953
88281
44340
89109
17681
69839
104885
54002
17347
51455
62981
37285
59560
71658
33967
35175
20763
33958
44636
81756
13609
101213
22375
79846
70921
72730
9848
35270
30001
42408
61475
48654
41250
98950
50081
88005
60398
92359
16202
78855
90870
65434
48426
25632
11352
27025
9309
16791
43977
38924
139807
43086
7469
32587
90709
42756
40728
32841
16621
83852
35239
102404
52404
18241
87925
84152
49379
53199
131613
61126
54087
74702
88545
15792
43155
115880
92133
12090
59759
101308
52812
36661
67822
57991
116245
98742
100018
60207
18507
97348
71665
68721
92962
70378
83623
76357
67353
87648
57591
43949
5021
51550
13093
37606
36615
86416
45929
10084
79963
22465
34547
45089
38289
53623
58549
29982
52383
117076
77242
88024
104956
63815
2070
3607
17739
31743
2165
93743
42206
83370
45861
88885
48456
37286
65087
52398
31881
38228
70949
98538
41214
89479
44484
72122
36406
15585
43415
68849
24902
12218
13220
94219
20068
70448
47541
97177
41294
55937
32531
10379
7039
63354
67438
61075
37015
91684
83504
30821
73910
87301
15048
99849
30032
91743
84738
116426
49769
22439
64024
40052
91555
99951
31117
39987
1821
56767
108107
88922
10630
15821
91648
95403
75489
11613
23535
21986
10600
81478
52790
103787
66462
20125
93882
6403
92325
16401
103033
107683
31187
90955
42754
44575
66980
58480
39807
57207
34921
71215
5196
78913
24287
21271
59811
82330
56475
73055
96153
12176
38197
64818
114272
22236
29162
99659
35587
70404
76503
6927
8576
89037
65305
52845
7164
95546
18649
19899
103413
5293
108667
64503
100845
94440
74500
83593
74811
45301
24855
90251
97074
71572
78147
111393
37864
131608
88361
68111
82397
76434
52168
108482
100889
87521
77958
40836
33791
23675
70194
122371
112801
79710
89450
84560
40753
63191
107715
36498
7599
35395
57777
101432
94014
64086
3124
6205
39446
63430
2237
35785
68903
50927
15192
44569
30400
52564
9060
2725
89630
11246
91977
50412
19400
72763
78483
1669
4480
61245
1992
64608
59658
13356
29733
43858
53009
6676
93719
3584
67548
95176
12766
32842
73345
32651
84801
102916
111776
39826
46994
50681
74725
93739
49065
22641
79576
61299
47467
86441
100293
4620
98782
89317
50769
835
70260
43900
61427
108587
80358
85178
52208
4969
32092
43700
19370
56902
21765
104972
102456
84785
8033
62779
81307
61158
39762
30239
60303
38895
85123
77103
1058
105954
44876
33950
102349
25866
21071
59783
102040
91837
93710
29005
25531
14637
79675
25293
72532
60010
45251
43788
61145
102315
6903
92188
58484
69477
25471
88152
36897
44109
62810
67439
13111
85781
4987
64416
34145
98924
3096
12870
21650
54870
9550
68000
21879
81027
93315
46304
76253
76840
72303
97336
87910
101897
92962
25367
34623
10120
83018
68658
103548
30222
35710
62498
96238
16124
108845
83630
44997
45954
74656
27788
1601
60713
19571
99094
83627
31584
38218
67686
95721
62022
71143
12421
49491
96434
71409
97667
108279
53815
31543
82490
85542
37912
7230
72227
74309
35325
33246
46192
10722
62976
80042
46277
41137
102106
30396
25292
23108
86974
91487
78615
89465
31707
123547
13134
112185
429
53591
92713
92956
54175
86898
15061
87768
80069
15627
77308
9640
12280
103538
18608
75781
77687
64658
122594
34344
36091
100363
41262
4441
12787
29484
81502
77057
37978
25083
38104
2891
107149
46737
80486
40084
71034
52359
58102
94285
73442
109002
46558
77937
28325
7592
16524
92255
77599
110084
93456
68858
52479
31650
51797
112997
63735
128986
46970
126184
101247
95541
120238
74764
73482
46271
145248
544
62171
77192
27606
34251
35234
22123
85330
79244
12461
1845
27893
15159
61782
21404
98247
45318
118840
43978
42345
16759
70263
59395
104378
78208
39532
98765
31941
86104
45356
101857
1320
97682
13111
56491
80545
3922
58567
70704
35975
90422
31010
41367
69285
18829
99585
33788
104758
90144
53294
45864
48713
45129
95778
65889
18528
68334
19060
35673
52880
29589
86711
48246
24098
26849
39991
1830
24236
17252
68557
40511
93620
9760
14939
89472
1862
5708
81863
56124
52610
9617
4213
31253
94439
78998
52382
93117
16149
83375
100570
24203
105899
109548
13785
116031
96166
85005
64200
15592
9977
9273
37606
37339
77283
91409
81327
49618
81772
17331
62878
34329
74539
19001
32427
38104
95122
9016
10210
76330
37154
11758
6578
22132
21746
59182
85862
78448
6238
20490
57826
12628
34306
40385
60304
74014
77855
92194
45737
31067
3824
54359
16263
78992
33380
8535
29016
63392
30380
81312
37582
77378
36056
44259
62877
51560
56078
56772
71689
32324
15406
76821
26958
25429
70927
43656
66957
25658
21988
79383
5187
76248
94352
38507
5294
90877
53273
18221
70025
109894
19656
29723
56284
55283
80267
27200
64545
5918
87624
65769
78630
27711
88539
33849
75931
108129
60354
88584
109367
16370
15910
62631
36619
84629
47533
103127
94907
21740
93927
67743
71121
24104
101000
22139
99572
64883
78173
68142
90646
35074
47339
31242
7238
42630
103063
57312
10390
68291
37384
20955
68814
31684
94026
35717
67056
73736
11874
107496
51266
5958
1588
111363
73825
105723
75931
98615
28417
6683
102459
2832
14440
18220
116345
76727
107695
113300
57274
105420
55644
74000
104745
75958
69955
43164
36154
86520
15992
79955
113107
90974
55744
62622
67937
88576
92556
40202
2526
114322
66167
43977
39145
15011
59649
60299
26318
92463
88274
873
78530
32820
79774
29924
55768
72402
49918
90659
10080
54633
74872
11859
4587
58472
16974
78764
51878
62310
88992
65973
25941
44730
27756
14665
2712
37297
25045
43159
71629
56580
28287
62170
84156
90639
63551
91984
102906
52094
91493
84405
59963
26723
28501
12206
31873
106116
30773
90819
58292
82000
29031
46130
96800
23980
25624
385
88456
95486
86165
74856
48441
46490
15165
36724
60645
62037
80673
18228
10563
81439
8309
56473
41221
94597
60372
84326
83495
27966
57568
44277
50331
8451
76999
8437
7209
53776
47169
98926
66828
94455
81283
1133
58547
19711
48587
93434
111046
71006
94672
69786
45246
71149
74030
124309
70053
19848
95187
54569
39566
63007
98504
62875
82030
9373
37848
96153
25752
82431
46812
46941
101355
38293
51688
63569
5288
85755
53531
17591
87564
54795
7256
21872
81528
41303
105515
53935
91859
3385
53746
80258
27450
31192
60738
76265
82682
81074
6950
62125
86645
94947
67092
31744
58405
90856
102011
20099
65649
78349
8385
754
71855
100804
46889
1154
1304
88018
79411
8597
50496
65985
29065
116554
66718
69546
17296
52271
78663
23808
13027
110541
72578
81401
57142
90716
74905
27498
70286
7814
63285
9915
957
21466
37299
100864
90411
99834
77990
58484
37467
4551
87070
47714
88299
32970
40551
87854
24285
80924
62383
89382
76560
23237
49369
13993
70881
46838
1687
14436
79379
1153
1345
123185
7237
52934
108082
105194
113196
34603
13630
43467
24653
119667
57617
59843
28984
5291
286
6054
59394
81351
84662
29697
8390
74791
63616
98423
51744
101074
31991
19522
2896
45819
103107
26458
97662
15738
108030
94164
52706
65911
9769
68149
31231
114898
72128
6180
116493
93435
12317
50945
79682
6941
47648
62238
74978
107995
20451
14010
42844
107755
76245
91376
61834
48991
81432
94783
72579
6489
72770
24363
33941
4253
61917
30581
90219
45542
88641
78668
7380
37672
129916
89540
120121
10825
14219
91936
62341
216935
27415
180715
173341
22502
74913
66377
114415
31833
16382
90671
73434
22299
64111
85357
74284
43641
89605
149684
67363
78556
9046
33131
125930
14264
43938
73047
5198
45628
63969
61428
82149
47790
31301
133963
46158
124784
96465
36691
97580
1425
72267
40302
71022
24515
7838
43161
85449
111720
124325
86806
93291
58879
86322
64316
21937
11843
70126
54770
7659
69364
78574
22334
8348
14964
50735
28498
73550
72227
45132
121756
31030
7296
87662
93588
81211
62795
11412
54351
84280
91826
104769
70803
94771
86949
50714
90557
63811
68375
87556
101675
22170
46660
32867
18049
101092
66223
101039
3020
52466
68565
49049
17542
99390
66520
52834
40332
26114
35279
89528
68657
36949
44611
17997
83370
37047
73890
55269
110762
4450
5835
36727
30693
25322
45175
91112
84812
65133
6278
97660
55684
118610
23062
125421
100096
28869
134314
26712
125724
134813
89400
21644
154288
17886
51009
96668
98742
92071
27820
62689
37701
81336
97936
76214
65320
8343
64268
58691
7078
103146
109324
11356
101677
53603
7965
65827
86883
40151
77210
93958
6482
75655
68795
58094
87829
87050
86793
101991
18641
20371
90291
68826
73904
28440
42500
77747
101391
14944
49575
5560
126312
96523
67153
110174
38738
42855
96167
30276
5673
85036
25736
122475
109059
154717
80447
139091
59636
80628
99671
35229
67232
22952
126815
67772
24530
154006
29612
50972
92929
69619
137014
53783
22891
107202
124146
58093
34938
124501
45846
45767
63228
90679
37569
247699
33307
136730
95677
98253
10426
42051
120968
9701
102239
29814
91048
63126
14898
111203
1736
8141
108227
100331
40997
15717
97359
5396
19033
92551
12797
79900
15044
100959
74491
24043
49167
1230
85046
56158
22590
52491
55931
82104
16015
57474
53387
99513
96826
93381
14507
52586
10348
105706
107725
83386
7634
11467
21349
59662
101582
141040
46165
131873
73910
98009
72512
96261
58164
83790
56469
46605
33421
41963
94713
39776
97068
47247
60736
54547
45554
89428
62342
15066
81529
71151
69210
72745
91241
104895
14179
5108
68738
20780
85232
76453
26612
40595
122552
71592
106651
34122
99039
16914
102558
113219
52679
41941
22862
92652
10311
39534
67701
24872
43311
2048
52914
84002
4183
44508
69512
76238
67990
77678
40484
95831
22745
92672
30948
5555
49942
74688
67703
101315
64837
25151
104436
77024
28112
91127
13656
75693
93449
64953
18497
78283
25309
76943
73162
56630
7140
64531
5316
91905
13966
78298
74717
4392
104478
68961
29886
98819
48156
47127
101034
20413
20158
19687
49727
43661
91436
67936
91741
6952
67852
117730
81009
141690
11723
118352
161447
65222
113312
125798
119313
86023
72616
48365
17236
44530
20470
60870
55734
109903
19133
64631
106560
78444
93076
97881
22710
60778
34051
82254
87493
61972
33509
87710
82357
11100
76740
60008
51083
21264
114347
71240
87805
19554
51866
92594
26328
73112
21516
67456
48138
79970
86983
20824
70568
29789
3074
104000
4144
90711
61367
65578
10593
1253
97065
50665
14277
101040
9868
71259
49179
18555
48732
18991
86693
93213
15863
91833
99393
82501
20807
23145
47202
1534
54390
110124
37359
44509
3634
13212
111881
11153
73943
57787
67512
51475
24219
122053
101304
44700
27562
55232
107402
103548
28906
22104
22761
3378
22861
48464
50901
50441
24499
19944
31470
72355
91227
79902
59148
57776
29702
88670
79213
56064
51819
82089
3000
21670
32213
71702
69767
99496
101028
65288
10152
51182
3087
48746
84080
81230
84012
85901
77724
22125
22518
62847
1750
92929
28690
143417
95196
78340
40480
3112
12252
30779
13436
8881
67383
5609
68026
192097
73306
12870
62436
58238
35992
87181
52346
69253
88445
56958
49994
1553
62532
48959
94936
66781
11587
43109
183241
58255
62416
66953
24270
19697
110237
6683
96587
73524
90772
97991
25773
11710
65975
17986
60266
55334
70433
631
5270
93791
15941
28025
75193
85388
12893
25398
23973
102413
26037
65784
56440
86287
22497
89122
36804
50126
60641
27771
20746
69355
54375
47640
50220
22560
91742
71213
41375
95488
8782
58233
2088
44287
92881
82497
86841
63732
53847
32589
38359
1905
21586
78606
41000
58356
92797
87129
62867
18669
8309
26879
57080
23363
70145
66693
43768
2252
88038
40764
66658
67888
83696
34090
72505
19749
80313
93104
64880
90797
56646
63097
82993
88975
12613
2586
9242
34688
72733
88978
56169
77238
44964
59820
53163
10280
47371
78332
74505
112151
25741
84609
40345
62884
58271
107078
85692
101059
22581
64869
81538
23667
28221
18036
9713
108811
16759
63134
89326
195505
175306
451638
113909
247503
94886
108734
151376
4176
2807
110009
73937
5717
25195
4736
69869
147572
85440
123041
140050
31577
11375
8398
4242
137187
90675
4157
34536
32047
20584
65367
101679
27813
105195
78580
71589
17562
64886
11352
117234
9956
24096
64754
80158
86086
26286
18362
47146
25703
61250
36901
88597
27784
30822
125166
113122
4705
96621
62287
44544
111015
69004
68113
73411
3653
35654
80790
37164
110912
44638
56937
58039
13012
62054
97265
110396
53545
57183
29767
70993
54243
98065
14940
3614
9587
69881
79740
70637
87712
16716
91440
24793
68603
71265
10316
47429
110761
17848
127155
129032
66778
86756
170336
71271
36490
160272
98843
110798
147900
79365
48272
136919
35554
96510
55265
16767
41239
27381
65491
20755
55032
23455
3000
78244
66340
111955
30202
114176
91800
147976
57139
52462
98599
2389
91575
90544
26988
135956
73970
108595
108799
90993
101878
121491
4719
66215
107839
22396
34925
4603
47975
2513
33304
51951
70586
2212
191786
14649
37136
32851
27022
34805
86172
43610
153692
45360
101512
92622
154392
108346
124154
36236
92197
9807
13821
167085
102654
83918
42557
76162
61978
18517
52214
130322
226871
24223
51947
236696
46286
182012
169784
47586
89496
49987
130260
174086
21098
12636
9815
39314
89904
60489
76992
148022
70606
62914
53055
272143
98102
143558
162337
66801
94001
75997
6862
109014
93017
104680
61950
140508
110748
95022
54338
50626
108666
32215
61637
106727
42326
18259
25164
79779
15697
38710
107354
29266
81805
151365
70425
44768
51568
116672
157516
143797
25201
69362
5227
135356
46624
78963
66424
8851
85791
107853
86045
123916
41194
64023
167409
26880
123045
71462
80182
129874
76457
5675
140754
163499
136778
111736
27965
70169
88846
136853
7236
62748
11524
48949
48370
87375
12728
62614
109639
39921
71602
90931
77217
109730
94726
123077
118496
104467
18767
24800
91023
75739
100629
124629
45389
133129
26139
43081
34105
160413
12881
10525
101653
14086
98735
11156
28857
21918
136148
120417
9802
84988
52188
20442
176147
61035
77442
68281
101354
66372
162247
100007
184873
22690
98468
25313
3576
103744
93029
92244
60746
134247
52792
102883
5696
9110
102249
363
84292
37190
86313
68945
11591
82553
83124
147833
92565
64661
97545
76317
68371
66299
55601
47389
71343
72513
92533
94320
28232
26610
5160
94310
99774
59738
137973
23244
57419
77658
19188
138021
102286
83198
106224
36941
169044
20278
127928
53950
10528
8171
171075
10408
112815
174326
149090
31279
64093
65779
8369
7603
2296
118446
96730
93147
22971
132998
18469
80729
34183
22775
54301
5999
156292
81354
122958
58040
98109
67951
108028
77044
59139
149836
99797
18498
78423
52227
7181
122680
144745
107197
77306
26771
121592
59183
139440
86660
61034
87557
27975
51388
138952
95777
48888
100982
9033
72371
92988
67858
65781
128831
9600
31795
29232
40776
141885
127766
24233
75731
60852
10872
162149
12548
150103
115508
8598
127029
55953
121508
1499
24606
116868
149670
50730
154860
68064
131744
131725
113771
152504
132073
135251
242497
45974
31991
118185
119861
189596
53462
299051
206108
174953
7325
132740
60886
160337
58284
109170
104244
50748
43850
69881
41168
141450
17430
66080
137738
94194
150058
51686
58205
65196
119460
24474
148576
154985
39648
129190
2772
141490
107997
6866
115186
27110
73226
56520
1703
45595
29794
134118
81687
209946
94113
70839
158474
165669
210252
203569
52727
22933
88859
68279
62647
168548
82979
100066
116125
70966
50162
144326
1851
83907
113979
103270
20391
27219
54213
92522
85158
228090
30301
38866
142903
119694
116751
129202
44836
103289
28401
162393
148895
140769
121341
150035
154833
80757
136297
104090
161492
161758
71268
138421
150917
91699
232326
51772
132963
18132
92960
200352
202482
88061
442
12323
186263
35367
143761
181998
187386
170558
50957
148239
23759
104837
79778
92712
99298
17490
8229
104253
76746
152688
149710
122451
3014
31839
170827
72967
122319
160111
202644
62999
75199
223507
130279
197557
158803
149900
215286
57594
24701
14421
86314
179044
119254
59567
138299
68050
54803
181222
47652
56902
158548
198444
80645
89398
77873
150057
86084
80376
83848
98650
145977
91891
115962
94275
6265
102016
101149
58328
17494
159835
102195
109099
76750
115132
73580
187677
141981
247615
127115
12769
93179
53766
200517
99873
203360
84319
156485
163266
138997
89487
9111
148798
164071
104168
89073
142029
108255
2787
58305
90899
73746
33057
127190
143144
168149
207484
56440
12724
91012
155638
134676
141257
14572
144962
187474
33604
49779
93843
30222
129213
152881
105070
86692
177487
52746
139681
10344
4492
52930
106437
49390
192495
6970
28115
76826
46790
38593
61576
78100
94315
92566
109536
134420
161283
263229
78802
46032
145232
21629
109306
106259
38951
37430
98253
25274
13131
97918
118266
65043
165095
52809
67377
135520
122954
121747
4274
19062
110238
9325
21770
140653
116102
58411
95379
62239
80495
173960
54170
100144
210385
72461
12033
5119
99457
197101
77396
196759
166423
89470
80795
279983
24107
39792
225247
49574
113952
160553
168363
110480
132884
115797
28366
162103
71949
32662
144463
105318
23803
150789
210389
57679
5329
155877
132402
17966
156112
38515
26408
103371
30490
387
187213
38432
149743
186115
135507
223156
58519
283474
61573
89881
134300
161116
112936
100760
140985
166610
67688
128227
72031
55682
56578
114220
46879
35330
68543
146451
135536
135064
145112
4134
41506
37007
149799
30920
48638
50951
77267
237355
33451
128864
102591
175672
95627
9030
209566
218662
82967
35921
72683
110549
133686
93545
97983
162366
450376
45386
162718
85626
13514
155095
133318
185753
140434
109222
21368
147224
55499
204426
63692
41093
23232
8044
13745
119310
122549
17946
64508
130771
164742
143535
90007
15658
117129
116215
120699
121599
9528
143229
54003
60167
205360
27037
24925
79382
52290
48793
58636
161326
163076
82075
40988
110590
91034
186757
194126
78401
25225
45038
84559
100280
121259
21298
53264
128562
96503
123605
22839
163649
53729
102231
172093
111015
90374
54347
144001
99275
76966
82556
88185
140744
85388
132415
57297
107763
104522
31469
84733
137490
14017
49690
63068
62601
11386
97325
87476
70912
81004
151017
142828
112848
143702
110404
69396
146572
50873
160427
57288
66984
33719
121104
150509
94774
143437
78864
52193
167683
75185
6294
100068
85179
55552
103666
148281
147803
49587
1759
33545
120259
141827
66222
46619
61871
4095
58043
128360
59779
75523
35882
60467
56018
68922
9871
46456
37481
13004
11046
13437
91009
44983
147376
138748
142256
24704
53400
314
137161
79720
168760
146427
136315
96614
74286
92952
101139
70355
53974
64025
39300
89594
75415
44299
110833
57184
78044
94522
77932
4950
70693
23901
52590
274
31611
82989
81652
116661
109838
40273
108149
12001
27132
112480
98218
42503
62846
113574
11338
118146
15601
108412
99737
18067
31653
75206
98823
40921
6140
114370
34190
109110
76734
114851
116415
55712
129824
128689
17615
101087
34957
92981
82544
182624
29663
64554
203835
4302
140032
154421
1253263
15598
56569
38484
54981
42391
13610
93900
142357
116411
87897
70616
107031
29166
104941
66267
14721
49851
11817
116306
58945
59086
87048
64770
66264
101163
32236
43365
70303
26946
775243
111737
49504
61106
58772
136037
58217
18201
43583
116431
45264
16578
27948
890
48661
84096
26293
30024
76781
104454
121921
37774
89602
8811
2899
22057
129917
31534
5056
83986
71555
107789
21432
77471
89061
32098
49334
94110
63190
69718
22209
98659
78056
111380
110602
18455
67608
30894
92531
91044
59906
84697
36318
101548
121620
129827
73901
90627
152691
130960
89746
128358
82171
109645
4261
24982
22351
26836
76706
93544
67473
32748
34057
84978
115509
23672
19825
76869
81401
162389
80361
30318
105679
91351
117265
60637
29667
80315
49134
18311
78229
108465
60611
99380
99309
93279
171447
106520
90645
111348
184303
173078
129873
149136
151355
113857
110873
96066
108341
32129
70543
64645
17420
2798
8309
134659
20374
27930
83085
34057
91049
124808
861
125076
140026
120945
81376
33836
107092
50459
98709
129118
88303
84818
152021
150270
119884
109563
73069
176984
100724
30963
81584
142396
129236
35669
29330
11100
266997
174166
99389
152845
20029
161046
58194
105140
32486
93146
156874
182370
81653
823230
121908
125270
18147
38599
93510
62034
120159
1749
134142
77313
76336
97848
94240
85749
54417
3864
83706
50890
14041
31605
84858
134751
55370
85099
122649
118728
442460
34678
53831
127550
1284
168347
125006
128907
181342
54780
108393
128540
65291
108732
46336
31771
92709
74113
120978
131377
100330
104308
66648
130278
33156
133864
158513
138224
12021
49461
52948
511199
212579
50937
142517
5590
95258
118109
41510
100013
150575
67526
203012
113800
150421
89111
139181
19353
38347
135897
142602
66747
166037
109482
42484
67919
22720
121181
126211
61716
30626
170771
158883
196362
145637
215809
100904
88215
217776
112281
63535
116799
83862
14224
12357
14442
201350
37488
104202
32188
131647
31957
150224
124653
100689
67427
175287
149116
182960
32998
8846
143465
38495
75199
115722
58117
39889
209519
111133
122012
145959
73146
143384
157110
252557
37242
162726
92839
201554
6474
162224
166552
50690
92528
28418
9440
1992
124011
91445
57830
88180
149269
57841
76933
161150
264
75317
153041
156121
142696
56217
20850
165032
134508
36470
121002
161527
96325
150718
64736
55702
70849
25287
104210
24770
171625
120454
353676
225375
138840
23169
39198
33324
84949
40518
2242
114520
48122
124128
61642
12516
103660
53862
74523
87894
5954
44733
125571
102667
43779
42037
91446
129484
115593
127866
14116
11985
83887
104601
127019
170189
62456
2674
33782
22450
116911
125872
144275
109329
19961
68064
124421
186
94447
76116
142202
139423
132667
151705
105583
77517
135845
121034
87486
68133
94612
56867
17007
909
90860
59116
44024
30472
4672
27336
38646
112749
93231
99953
49614
106849
19505
31666
112714
79796
92049
24287
72596
125161
104446
108106
127921
118962
36883
14844
90546
129565
90138
121045
98188
15273
130683
119328
13200
48626
5633
59065
38392
24035
7388
109115
47583
125250
82771
18691
72234
21949
112312
87978
83670
63005
18337
5111
35772
14405
114696
110044
10814
53528
149825
40135
42500
90483
92054
21496
87841
8244
3311
51049
126595
27021
115776
25097
123639
11594
2522
142144
67492
69349
46857
110957
97643
87030
30344
55967
48817
1889
82580
69085
89078
169187
116362
25598
88092
110587
48516
107044
49413
96224
96994
64307
41764
5128
125520
90794
7565
26265
20347
41491
80655
30470
76845
78426
10227
57176
5209
83277
15722
92149
65078
12226
8322
51276
83483
124871
113137
96308
73333
9003
100376
93094
49390
27395
58864
124458
138789
107453
108991
72348
107035
80604
75794
49963
98918
73135
61311
113912
14829
9858
37074
26142
11748
15257
4820
80679
51414
70031
20218
82786
6853
90702
36185
13356
68555
40869
48118
15980
67703
3001
60232
49330
101422
50925
41644
35590
12649
55795
59054
60324
53320
42078
87915
25435
60396
29925
50145
73855
7458
66355
77294
63861
68455
25828
32256
23762
34066
11789
15440
17923
44723
59065
72094
29416
84977
38095
7336
29211
67179
35751
72898
63625
37815
14835
2548
57940
47274
19480
10926
69986
57951
21432
160
90305
38098
19753
600
53573
18987
64300
38691
47473
31403
54229
55582
19775
59060
88189
64592
83314
23993
72407
24269
98077
49693
117149
45133
75533
42925
103645
117773
61343
119728
95007
24092
15417
46620
87920
4659
80750
26317
11277
26555
85998
91072
10746
12059
52142
47990
23501
60151
5218
55038
50030
34110
43252
12982
49862
4111
88530
83858
223
77206
50884
23490
86692
41516
34949
37763
34703
53445
4043
59189
72835
81288
102796
10941
58345
6821
16275
2102
30069
64063
54141
11229
54537
495
68364
25517
10930
4653
76271
69588
41539
54705
49337
49999
22115
15955
75287
55951
47061
49786
4726
54449
57928
22680
27713
46222
5460
36567
11438
20051
52146
39676
41393
71836
81630
67038
12979
46129
82567
21313
33702
90182
16524
77703
21151
3393
31520
29760
40357
59142
55231
68117
54912
55600
54875
75052
45674
44848
45038
70800
20830
72191
31095
71789
72438
16309
64796
32930
71136
12563
19994
39369
7760
9925
79732
4513
7417
84488
75441
67727
9655
20051
72600
75033
2269
126179
4452
29648
47984
1080
52888
34949
18172
19429
68570
37925
64420
4320
72369
30241
78594
22926
61131
89790
163
54837
853
16818
19802
62917
15422
97333
74200
8932
63281
42175
58920
76909
9725
52140
67398
15764
59730
8814
28576
39105
30360
78249
42344
28316
55966
74112
46036
12303
22075
32687
34066
57487
49785
41400
84680
24283
14859
56588
48345
4038
46293
81781
12104
60725
3860
58203
60466
6235
80845
37967
55625
23793
62554
29803
8027
27534
8752
29208
45708
783
16301
33981
34695
25046
14175
9665
8568
2435
33489
83311
5893
62501
49212
52477
28523
10678
6560
22692
4357
9105
80485
73372
113936
22656
70331
60440
78094
37871
56215
79619
73171
34499
23439
56481
24654
44104
37188
45348
31167
74586
43323
13549
12603
26668
66826
7066
45663
35588
14800
46894
63527
4540
53371
38283
16155
16266
41297
51977
26566
24548
51023
39827
37587
29384
71923
2548
70895
41852
35770
106771
50017
3942
60151
55082
14607
41707
66823
26783
65692
71302
57682
1437
83012
62925
70475
14549
51356
46968
50337
14184
48754
45530
5095
35795
74718
42824
44533
5161
58964
27790
16016
57773
5238
13552
26387
63066
45566
82176
31220
1989
11070
48036
74885
55181
68127
3058
24503
32845
41300
8503
45081
22368
58142
50758
54626
17037
15776
41391
16414
19079
30100
74119
6385
45566
43126
73268
43143
63720
66928
766
6036
12286
54250
64723
38415
12720
118
47555
37207
3896
4973
143
37628
12618
35092
61310
51212
5649
511
82095
58551
3726
27375
2965
15527
50417
30766
13845
22055
53849
68621
51687
42138
51511
12091
105921
23085
4626
42553
55443
76591
70171
5503
28412
46410
68619
47587
74566
46289
1608
51389
53056
16958
31226
1530
38645
8975
62875
69561
45932
71593
59725
82030
54192
42068
70531
5211
18877
3088
75867
63939
85946
13448
32810
35740
75817
48260
29007
16379
82738
92868
62530
24594
29442
67568
15565
84624
64193
62481
78533
51627
34351
55479
45227
21907
23800
1943
74568
19315
5163
57758
41338
64912
13299
1748
1677
21827
12180
76898
10000
38000
52469
34412
78138
15010
24936
81610
23378
5552
58876
32166
35173
37702
23639
25441
40487
51388
8695
441
8052
79798
23853
61466
34696
21804
67402
88843
33695
46906
62816
69000
42195
68428
66432
60713
4413
79735
25078
15138
92243
77273
53643
46363
9715
71692
5008
45123
46285
7437
31260
57768
15026
30569
71606
19348
77966
28073
71556
66323
74829
46251
2044
2531
98468
54746
25720
934
48016
6114
10625
73641
15461
26281
47631
69856
25039
6096
70733
80568
76938
70289
2134
25563
27433
57930
66233
54624
15503
20574
17386
18695
28002
69444
34027
12792
17274
41561
24044
51405
34275
838
18287
78684
9959
361
85174
46522
29663
47839
50677
23181
68892
74259
5612
99555
39417
7281
65561
74979
30385
33608
22966
64927
60725
22588
62784
43819
45605
12525
47966
76792
57929
78931
13611
97352
16834
54685
5462
98086
57077
33534
21301
95317
40463
14772
78138
43946
24969
77496
4171
19737
32246
47246
32787
498
17976
33709
301
62190
37741
10211
50210
24290
36427
10816
56058
65820
10547
55805
20015
36678
41861
30931
11251
1775
39000
73656
38422
21848
23200
29089
52754
22530
51601
38893
4596
46802
93705
14073
52857
67601
53782
12460
21768
27269
5179
180
80871
71016
19116
30972
10192
23244
69145
78435
34449
3199
11581
27618
88429
68125
52411
56532
85154
111095
118340
27240
123156
101063
64387
71704
47679
73448
48025
56617
57592
2394
17036
71200
45209
4199
16395
1562
53927
51690
46041
29156
46350
15335
58476
91999
58685
18819
66864
33017
13361
60336
44121
21570
46429
37836
57982
5506
634
39015
77374
66638
84111
81242
87243
46362
101613
52248
88435
83820
80545
82834
9978
57033
9293
91027
61809
115451
61775
14489
51736
107171
116384
35898
6566
10199
56922
105319
99485
26069
85750
82278
79503
69404
54418
54043
45947
48317
38345
5371
57336
65809
13016
11799
76850
58204
40151
73262
26137
76249
26445
38802
11190
81584
13758
74597
27962
73699
77006
63623
57558
49448
35231
37432
50893
47029
8396
64447
10848
68722
86964
1963
12060
65416
42547
54037
52040
3727
89020
1750
64531
48964
42902
7476
31501
60805
15139
10699
42222
78565
57997
22253
68015
78527
35867
1065
69346
3349
60728
49977
24577
73821
46608
16121
12064
43643
88570
21619
76854
73558
34091
93562
18177
46909
18295
65612
23461
2948
40665
79361
53267
75450
74913
64069
32347
64665
59225
12458
68381
4357
46970
3155
27465
36622
50528
30492
21348
35106
34706
2396
48514
19019
44874
118184
5174
97772
76132
42148
122559
87230
40478
36467
82516
23116
87249
114100
112574
83094
27751
22257
66595
55496
132758
16715
117035
49364
232
71129
88500
107254
34374
29157
79091
39288
6317
3783
73694
115797
98745
81333
47721
9945
86352
47713
60870
50368
9661
54099
14671
52282
55007
61894
57597
102974
29557
59030
43860
113301
23788
44147
89883
15621
702
33802
18902
34197
3806
55182
65806
80332
101632
27388
27533
27473
98844
13981
43898
11928
77250
114163
38614
42869
89062
31944
24913
65573
86553
50592
73625
86508
25847
123109
46297
51375
75692
103741
55414
40623
87803
74270
94707
116001
41977
25916
84835
65163
74599
24356
54775
115937
65999
16633
13778
95501
60265
108426
101780
52000
26903
42691
29701
94916
17875
69784
71247
33139
31763
116058
48953
61354
34371
5491
74868
45594
39291
85759
4177
93976
60059
421
16200
61183
54361
59254
146645
44145
34194
107589
72114
48701
7643
94088
107073
53983
60668
13231
100246
104547
94800
110227
3329
89508
30153
102062
90575
69060
111534
44241
3112
25801
5931
89161
74300
40072
3581
102267
66405
68404
35765
60905
112997
33273
17694
17452
102250
39883
77269
101658
86490
21233
70005
124562
88558
39297
42944
73904
24416
47728
91772
13219
28302
5569
54241
11672
8726
40691
101841
79233
23619
48534
158794
45940
125602
85148
102556
30914
84817
55469
54698
92135
105022
61137
30398
93035
78106
45406
83428
35698
53890
38085
21545
74273
8511
98502
95344
25003
79989
38322
19027
29090
45427
93883
35484
47486
91301
110863
70912
48143
12993
39966
81436
61898
60883
94035
22070
52637
46922
42576
37659
78861
86218
163621
41779
35957
39561
116254
101235
87698
48058
22751
57642
50050
8065
48398
77568
51509
26655
28922
21681
51854
27469
47766
45692
75466
63091
46527
24513
12598
81338
5394
77006
77457
15531
32433
193
71955
21215
6714
47653
93053
113482
103784
7747
43648
82673
80372
40405
29456
5105
70161
39251
52709
40454
23304
88470
37520
76352
50261
7783
85728
48644
68849
35558
4768
11079
110623
61300
19831
99482
31600
47764
16930
96993
97911
91978
18450
24417
48475
144232
27911
27186
89048
6463
55162
75008
12632
28492
21676
6738
97539
76918
69985
20260
38840
72859
53140
28442
42769
4884
101967
53583
67079
65169
44591
19133
26160
82079
55523
70630
75067
40207
44790
49460
7750
56905
37751
70218
24541
45353
8945
45332
16612
26219
24616
38401
60289
6508
74106
59891
25657
63526
37015
21329
16681
56192
96406
86029
47125
43630
82801
92990
74787
58567
52322
15501
3054
77181
9079
52942
88704
52255
71321
11744
7203
4265
66066
40391
64728
15966
85926
91920
67469
5634
32011
39884
30566
48015
86072
2518
33047
8573
46025
62433
8866
46858
13362
3542
614
1406
18471
85501
54396
33202
66314
44343
34394
10866
89282
11064
30434
80678
66442
69141
46099
43709
12261
72176
4492
77013
10199
72692
28883
38746
26264
82422
54774
63897
33879
23156
12491
78628
81657
87101
86841
34514
16109
49880
22050
67113
29427
3374
68863
59467
87016
64134
83623
56841
110475
9135
5494
21307
63422
84802
70161
76763
16475
76445
17885
32133
56067
11290
5864
14321
26159
86125
72897
31635
6260
32353
53040
52417
43015
21298
25686
60907
35537
60568
66844
18226
47369
61633
31804
2179
8116
70929
77182
80105
64432
42753
73684
37876
9195
54907
8920
37782
43999
65920
37080
4661
46626
22679
41097
11696
76684
63645
78109
76539
38686
24264
28802
64320
13102
2267
34392
56149
3281
67809
33835
54744
24630
17777
72099
44550
35067
41615
19009
31187
49570
63216
14426
23646
55477
34345
47691
24992
12055
56549
37605
55047
17044
57947
56831
57579
59726
30590
48053
16917
1581
64053
44923
66555
7189
66567
26872
24889
23305
10323
68673
9303
28713
16071
41010
29176
26516
55445
2066
59197
16319
2280
38946
17399
173559
19953
57254
32471
51626
2928
49921
5451
5426
125906
29957
31836
22037
162707
38510
74134
65038
78876
11155
72965
75796
37394
68294
48553
8415
15022
32006
36445
50601
17137
39334
67007
32878
54187
837
59843
32504
47425
50002
68288
3527
59771
39351
47059
38517
1531
15697
389
45963
26876
13847
40564
65475
68473
65378
27299
50754
27225
20292
7143
16673
45338
28321
62571
68056
41334
37297
31670
75851
53003
38602
45803
32843
68763
59161
46070
76839
70501
3173
61334
1344
53958
17485
59059
65485
26838
43679
41964
39211
66723
40332
38243
19536
65247
1893
14806
39851
65808
9825
13164
27154
50865
13714
47573
622
46074
50782
7746
4418
43805
67641
2706
30078
56499
47147
1036
45766
55596
76192
52537
20263
71446
32593
10878
1409
37291
39353
63941
33770
3092
30964
13962
28943
51324
24396
15185
2796
40766
69997
7397
23081
2918
14786
42800
20958
63927
13329
50165
22751
35791
43688
34010
3807
11884
30059
36347
32077
34533
39224
52748
14019
54595
56940
18543
69041
19005
20840
33259
14487
28520
25186
24202
17443
47136
10577
46654
49029
11800
53721
67121
61464
45291
65481
4582
26796
33388
61141
54678
66998
52756
53850
47422
30963
19672
59827
24778
51956
10646
22565
27627
13601
64175
39795
20499
56716
17532
58600
65124
21953
67943
29919
18710
57135
15330
39866
3889
49491
15785
45613
63714
49993
35641
56240
36546
38383
17878
28868
2727
61727
33448
64931
57597
42812
49407
26297
63220
15067
58538
26996
32286
10911
41224
30934
2360
41099
31604
480
3995
23939
55270
34296
48266
37024
28961
27056
23121
24993
57990
72698
56513
27998
47059
35550
55479
64956
29392
59437
62333
31381
31183
9509
70454
31542
29052
40890
50261
33890
37837
53213
47700
26657
20956
28746
33518
33675
5777
3111
5734
55356
54264
35686
59375
99
19473
17345
24490
27730
4125
59358
45156
31492
11886
38195
63636
55940
22431
52715
65667
71799
4398
76509
78352
46070
28758
85643
5762
63878
17916
40988
288
38339
4418
22329
26999
50785
44622
29362
60292
28455
66378
48848
19035
62849
46783
31959
36469
12287
50919
23276
8322
34795
59225
17707
30997
16467
51885
29201
21442
58624
26012
61914
1772
81730
75784
29586
15658
43100
20043
73299
76144
70526
15080
49996
2976
42068
66599
59011
2488
6677
72033
75500
70246
39878
55931
18754
65447
43150
65066
13647
40209
8406
62946
35098
25299
56793
75249
3955
26169
51320
37156
53713
85387
28491
35532
60471
54924
63473
11672
56411
28608
62441
48855
52621
7861
20822
69370
43192
40860
21724
44399
70438
15965
44789
11709
4576
75012
47102
46872
87200
13273
17869
24423
16639
15751
41812
54537
62083
11092
3848
25169
61455
55267
44975
32794
20671
15609
100341
63813
14166
18238
72477
35596
15532
62909
61425
12619
60196
34781
55371
5329
34460
64131
36856
8719
3894
60451
9207
25561
49131
12341
59362
59357
34550
37270
41773
27470
50834
32508
14178
27490
57613
8136
63324
21721
4176
33853
2559
25937
32493
25495
25812
14878
59137
46505
55077
221
52908
56022
63698
156064
417
11279
38498
3771
37633
26233
28478
16083
36111
24416
58025
53257
32903
70727
3041
12062
12471
47653
60549
34776
27168
1039
39923
12062
63858
28521
47806
45072
20059
54814
16398
65234
60651
53107
67459
6606
28703
3019
61853
1336
61351
32009
20546
30745
48524
55573
37106
78908
65427
42918
41804
41596
37657
11536
7963
25436
55943
53890
23781
184
24300
11657
72811
4490
45191
14713
7932
67891
68636
56451
26081
43217
48571
24265
23676
65527
63766
18412
10576
19540
33863
57067
45959
26480
68095
2716
23033
43661
72186
24762
23451
41560
15480
18624
2003
25395
33023
36636
44429
11800
70520
31489
39948
51515
50791
38628
39144
13887
59249
45584
72183
16158
17065
9967
51856
30403
33440
51475
6771
45782
52066
25994
9323
14161
65766
43852
41940
9456
58578
28430
32095
30793
79362
80663
49420
37267
49795
49075
4098
40673
7033
28694
60561
38910
69675
54224
16845
68346
13391
66485
60981
14557
48415
58723
71388
854
32029
21577
46042
17939
50850
41636
54803
20236
15484
43322
15010
28498
22577
56309
60320
44949
138
39231
45765
9833
41703
32927
43018
42466
27463
4908
30808
7854
55152
51536
28097
44484
46724
17579
12157
7286
73774
30697
86492
14599
33262
3490
27364
35451
44002
37508
56596
16649
11163
4258
14105
55841
53672
44682
14149
20425
9878
57185
12628
60198
25731
104
34059
18741
14238
26029
35225
7093
41578
12778
36124
40906
38329
11251
38470
12201
46147
24746
19193
36711
62713
15369
37026
14981
6475
29884
38283
59959
38907
48498
66196
20392
14594
32641
23666
8370
57376
6572
35415
50348
32358
21335
28543
43932
56897
50872
42172
8881
47500
37997
19114
46214
47995
46383
38818
47100
16734
53813
5118
18684
52730
57226
68104
18359
80053
9884
2612
47343
19141
8176
23387
57201
30399
5814
38151
56360
45614
23938
40057
37562
2015
50499
35228
40942
62713
43571
48780
7128
52909
41526
22520
46521
54548
39517
64813
38725
19536
55298
63769
3240
43086
51988
60505
56896
41391
45706
53846
12489
16934
49915
2393
2765
16141
13378
29773
30242
19021
40690
13470
28425
62351
6865
58955
50061
18955
14253
15728
41649
43717
35817
13176
53708
20722
43105
33801
32303
64723
53870
52369
57055
36188
15011
61300
40030
29132
50219
38353
48577
13391
55160
25737
62544
42029
47239
55724
12527
77198
51710
40118
36052
54129
55846
39364
3906
9561
33220
41126
46048
5904
29725
25042
71246
11781
66986
37982
35288
52085
11449
25627
38524
8729
16126
49177
18721
40825
58943
7428
50665
4948
19349
65027
60352
616
25731
9802
17862
37817
30870
6651
31726
47466
52679
24052
65336
25198
9118
30182
48290
28755
42026
2700
11374
37671
30492
12454
45410
43159
12271
13861
49075
39543
48825
61516
43662
32164
30740
12903
61995
38037
63885
12995
27335
26806
31467
23952
19685
13408
16431
7345
42150
42194
25427
59632
18963
7081
41210
41527
29920
13026
37528
56514
45132
22526
35668
28774
41731
2068
54458
63491
12688
15313
31738
70198
34844
12309
41052
43477
5406
16634
37595
36861
10914
10423
48345
27624
63869
49226
29905
34907
12933
38584
50982
23149
21291
23337
16167
28487
43409
44138
61080
45986
39308
4754
18276
65571
59188
60777
4076
6249
63953
49027
32384
51631
55427
51958
37538
44278
25004
31589
2707
18923
33950
71020
53829
42452
19780
23168
54180
24608
43688
29122
39309
23879
51445
67506
43687
55447
47746
16679
12211
11060
46779
649
6962
10244
16794
53524
15014
53509
25493
50198
46962
12254
11720
18155
39117
35553
12509
10086
31556
63310
149830
103838
67672
47490
48163
40675
6920
27023
65721
53843
52156
30776
39407
62218
64082
48527
7043
11547
24712
72467
80624
63333
30733
135677
39049
12127
84971
91179
72144
44095
20717
55822
49708
24744
40200
78031
32705
2103
61900
34787
67419
20537
40914
22515
44101
54733
53509
76943
56246
37929
60470
12695
18443
5034
65811
22224
64780
32662
34147
50454
4340
44279
27314
28213
94481
57483
22918
35286
49729
10726
38945
57309
54810
4984
38434
20377
156
43457
27678
70216
13516
7051
47932
58361
50470
21036
6108
39011
74225
17294
59705
17740
69199
70622
4564
57767
78888
33708
52805
11221
23863
35066
81946
75364
40206
43142
80993
55126
2856
11444
78315
19981
16049
12989
8651
27630
18640
20292
22065
66432
13947
6045
7173
32032
11979
18567
4775
61258
51810
18937
61049
12554
11681
36280
58088
10299
57208
41054
71099
8325
54254
57922
19966
32602
42791
37915
57724
10939
33866
33664
68369
36719
14530
11916
15955
22860
50932
16647
5390
29062
20072
46960
1742
46109
9818
73670
33442
3449
78271
54550
22456
54955
1445
38405
16481
13889
64356
2397
3505
13731
38202
32067
12075
29031
85130
61517
34206
17587
27214
16358
8053
11731
34177
13751
13642
17563
55035
156491
12965
50334
6038
92538
8742
70652
89343
112368
6999
124813
59828
71736
67912
66750
79233
82572
80091
12136
14307
1484
50252
26554
41645
13741
63217
80341
54635
23317
50266
5093
75682
77894
29774
43254
36077
39087
68349
55665
26230
38997
40732
1257
49622
3242
56567
54059
63873
24238
9810
63387
23035
102566
76234
152349
71440
51006
54663
25136
34100
2724
929
69729
62269
9342
57038
32743
56223
50631
47173
24978
51116
62064
27336
91462
94449
76258
80896
95664
15289
74578
93292
53706
5136
67669
25870
13530
34559
61214
72280
90367
65295
130973
45970
79159
2441
80353
25613
97831
22681
3229
48026
75297
92173
28479
69910
13437
40346
19396
60145
52533
40575
38601
22352
52738
1241
39603
48017
25127
15665
58972
66102
29351
62543
4090
60761
16267
10666
31350
40808
57872
15635
41726
48538
37146
58222
34261
61229
53093
38871
13841
46307
38713
18780
10152
21004
57017
20539
64180
70755
40929
40148
38640
35237
245
54062
61350
2034
25878
94051
53651
78509
35853
147
52719
50840
71488
103506
72312
70621
13775
5006
10465
64748
11881
42887
34698
3231
68795
11259
14836
50344
37369
24481
14769
53352
12149
25422
22166
46719
17530
8481
4736
24247
46374
12989
64199
61273
6413
5900
2268
13582
38310
10819
6690
12758
24857
9449
59746
32811
55672
42358
71078
78516
76440
64473
64556
45923
86226
36687
49866
75466
29981
136520
77958
53519
12689
56271
79402
57095
56498
54217
9785
63136
60885
54097
31044
34885
39442
62306
2936
4967
77206
120669
26475
68168
36345
72177
8430
32045
10700
78333
15119
22636
92858
76548
46845
60079
40163
30468
55378
53831
58532
13447
10729
35299
6586
2281
2065
14089
56809
30198
53444
52012
25300
33058
58531
41070
31840
19651
15615
12309
44989
30370
53929
112877
101359
86150
108522
7398
10018
102921
85334
56418
36222
20465
37092
21155
101914
109013
36606
36360
35112
4751
9576
1046
67159
11398
29474
42711
40854
39656
15401
28738
63046
2895
39296
73284
2492
39849
59199
59273
23969
31971
89770
22626
20280
1532
66794
39517
53025
2843
43646
1263
28855
49916
12559
4387
56640
29011
32703
59006
13331
55957
9943
32509
12984
36635
14696
56867
31654
48299
58005
31416
27736
28501
36409
27107
9130
36815
35608
52773
7821
23829
49964
24748
22986
14124
20592
43041
30321
14603
31984
51865
47322
18988
35627
36628
11288
19201
30549
52466
53086
11976
3669
55493
22848
70895
44426
9333
53051
46045
5227
23181
46118
39413
1942
50372
627
45951
49151
11326
16448
9190
25605
15789
45608
21433
31433
36725
27440
36156
32902
37201
12015
28122
47143
10709
9628
27611
12159
62832
32380
47236
6645
30361
42499
17827
31900
30423
7424
8515
35024
29911
16674
43370
8388
9864
6754
15013
49850
15618
20530
6314
51713
44335
2140
43309
14377
24236
39356
41028
12092
21087
41735
29666
24867
52828
24171
46594
24295
52339
24145
42188
39025
43993
6558
25957
3516
41168
43458
33537
44190
46920
24889
14336
7436
10354
51931
20390
8563
10162
20263
33387
23639
40478
2609
21127
39047
46167
29917
45779
39123
29655
31078
33174
2212
39349
51920
61118
48758
3773
26078
19932
27561
19722
30854
43608
51798
56165
29862
57825
43112
34878
25706
34695
14592
44048
32962
34898
44660
32397
46322
30142
31462
37657
11692
14577
1297
6266
18937
38964
40404
24745
20798
20790
42908
26472
49781
38160
28175
49519
30768
27194
31598
42133
15047
29682
39789
19483
38044
62490
30274
51735
6890
24536
12938
58179
50561
23674
3406
25772
17154
46169
38420
5700
15367
57514
2663
41208
11274
36040
8642
32998
34531
31094
9878
8371
5176
13431
48558
44078
4311
52778
27409
3252
50282
25954
57639
5045
3054
10125
22172
499
29240
31154
16023
49707
13056
27134
41062
37806
8646
23874
17486
48014
35145
21376
23012
19275
12525
11887
38473
23324
11431
26811
14105
30252
26148
45004
40503
23754
1604
9676
29770
38290
42830
65502
1658
5087
33065
38465
38536
146827
37723
45135
8999
15177
2456
103437
27205
41236
55373
9029
49352
32760
42440
30327
15831
12018
1318
63847
14935
17835
55418
51360
49241
25010
42973
52958
48980
47250
29813
35206
10272
38833
45795
31727
20416
36593
46501
8855
27633
39915
46949
43313
33566
32211
3124
44295
9427
20778
54796
1509
52845
9783
16864
46547
29863
1553
46342
40323
25201
36314
27903
6311
8278
38204
17885
39175
48309
29579
33540
54201
52501
32678
7445
27696
44019
29137
13333
24837
7166
11009
43304
31729
16887
47166
16462
44902
40380
50245
12630
60417
23892
68751
28371
4310
5179
11081
48029
41851
10290
12355
35841
50065
19863
40409
35246
47709
14631
4424
42954
50115
43941
36014
22450
54223
54953
49292
17607
50554
40499
17727
14939
36329
55719
10875
50340
40028
23320
13047
6745
7710
53408
26000
31870
54784
39425
44915
57850
56096
35188
2843
40628
18649
30678
51406
50230
24712
2824
15787
46038
37917
8051
29777
43167
12384
28290
41728
12066
15864
48499
33952
49675
8897
45465
13244
54760
4962
52880
19950
28735
40584
492
8707
37948
31787
43641
47624
1678
40437
18745
32416
50918
33518
19380
23436
14068
15170
34373
35917
65516
54170
43705
27956
48623
22824
34416
34606
20675
43929
22055
80731
37417
50667
15087
48212
20654
24901
51194
2842
55862
32267
38350
31218
30586
20323
51881
15593
15690
48200
16784
43033
48255
27232
26549
22051
10434
41673
32881
7726
53656
29339
8643
8186
2974
51591
37423
26450
26590
31261
26367
624
24795
8681
35672
44873
55310
62587
43849
53603
47264
11333
10686
43795
41040
20164
47004
6114
19097
50322
21740
25926
50281
47272
41595
17063
38375
23856
40673
43038
293
25374
2629
517
38394
23830
45938
43607
42621
29485
25924
2282
52322
174096
59605
18507
41041
63573
7470
27706
11665
4200
60000
4663
10143
13868
8273
1970
31255
57040
42129
59957
9691
47366
34267
51288
48699
39993
6252
8640
35836
26072
22951
29710
12313
1749
40409
8303
34203
41482
3380
54594
54150
47497
24390
13163
10744
47275
56716
43870
8471
17210
14263
36208
54938
55521
26586
39674
30460
39656
45168
24277
39380
1979
18341
56288
34733
46311
46849
39127
37736
23385
12174
5795
17173
20179
30824
18407
9767
11724
32971
13560
35191
13202
35585
41886
13570
7683
30521
9040
47712
4333
5774
3019
36376
11672
56022
26137
31183
49986
15663
43554
51069
40140
10552
39647
5856
49529
31052
19450
10791
125
24244
49896
97057
54031
44367
23672
13528
40503
10338
15019
35129
30646
49595
11872
18177
11172
33466
8653
1677
39961
37341
20382
31407
19941
46666
23406
48840
42533
38954
32905
27405
49071
12359
39570
16993
28941
47087
33401
25578
14614
38904
4609
11155
15267
22999
9205
19088
1240
20132
25935
29084
32406
43681
6478
34323
4968
25278
17604
36104
47857
44470
39817
49906
3205
45356
24474
24985
22659
2797
24432
32806
44793
3196
2673
4384
18497
36539
37698
37340
38342
6391
50898
38485
46169
2693
53556
33205
28434
44454
16366
44925
21130
8518
45460
22779
3480
20026
7223
11089
106
26874
50524
55488
9222
39416
1560
26306
7780
16268
50228
72943
24173
43266
47641
59655
3693
44559
22428
30621
60360
14235
17005
59929
49926
49704
21897
31059
31119
9599
15169
32804
39869
53588
31352
49734
42601
49161
48570
33075
19808
36879
27915
41769
27119
21884
23832
27178
19575
34617
23032
36197
48190
34677
10047
6202
1594
39052
29895
35904
10738
33738
29690
47212
54094
18715
19451
44802
34797
34814
12416
13879
7591
31814
44915
23898
10531
3222
41126
6569
1784
41052
19795
7983
44329
28174
27736
37787
42063
44911
21692
15338
44754
25715
13547
39108
2628
24030
38485
45518
44464
44808
18042
43318
41504
36175
14665
69108
21328
36701
18425
52585
63154
23788
17755
57519
34449
58310
54471
10910
3220
24376
54385
18848
49839
13794
15468
32700
28274
31643
63013
36647
32114
560
46718
15526
42690
8332
44212
32471
308
18456
44376
65228
11144
4241
48042
40912
155846
43735
23879
12043
36567
17739
20090
15049
33790
40842
38728
53810
38371
23216
58642
7053
50319
59813
3815
48146
7659
22257
17216
42073
37898
27729
18399
13799
19622
5770
31298
17674
10180
7059
2677
55060
39735
66075
6840
5129
48874
16738
9060
41837
12323
9074
10686
47555
7791
3070
47768
24093
48796
15158
124
1644
17086
34037
49547
1832
10632
52621
22636
27924
13679
27106
22884
16494
13716
40745
16259
37547
17182
48167
45052
2309
10281
2428
50863
51357
19742
28582
15181
34032
18552
42429
36338
44534
46186
40379
35983
42498
20530
3694
31656
34341
11243
12726
2146
11716
5626
25380
22245
