158
69
194
120
100
94
68
60
51
61
54
60
69
68
198
176
73
110
79
90
94
66
69
64
69
56
57
162
110
87
76
87
62
58
52
54
54
69
61
60
79
62
73
63
61
118
110
101
92
61
57
89
60
57
60
63
56
59
114
106
81
69
95
61
57
57
60
68
57
184
109
90
202
83
64
111
79
91
59
72
63
62
108
117
88
90
89
60
62
63
68
63
93
66
176
112
99
78
82
85
73
50
56
56
47
57
59
56
48
52
49
108
96
89
74
150
74
57
105
109
106
89
82
90
132
96
92
77
71
59
57
80
268
309
135
117
173
770
365
296
471
251
165
154
168
279
255
234
175
468
174
399
248
156
281
136
145
146
201
163
149
416
274
145
166
169
420
268
224
165
165
151
421
269
231
264
178
456
197
169
153
140
421
295
237
227
456
222
154
165
153
271
252
212
207
181
148
182
271
274
202
257
156
156
282
242
171
284
112
146
96
99
108
93
86
84
78
155
192
114
85
85
73
97
71
68
70
65
127
116
89
78
65
64
65
57
62
66
64
65
62
79
69
70
61
182
105
94
88
91
552
76
63
63
57
68
64
56
114
183
77
90
61
61
84
91
88
67
65
64
49
63
50
48
61
55
52
180
105
86
94
75
55
58
86
60
81
60
50
59
158
57
67
108
94
64
338
87
56
61
63
51
54
59
64
56
61
67
63
188
113
88
84
80
64
58
62
54
55
54
50
53
104
99
89
82
150
102
56
57
68
71
68
66
71
76
65
63
203
119
84
96
95
66
69
98
63
76
69
124
691
86
70
70
161
75
59
74
66
56
70
170
62
132
102
102
112
85
68
68
71
62
62
64
198
115
107
77
95
84
99
63
87
60
121
109
90
65
55
76
56
187
111
89
87
54
49
63
64
64
176
61
58
60
59
48
58
48
61
49
50
69
108
94
10560
57
82
52
169
60
64
64
204
122
106
86
171
75
128
112
170
62
67
82
167
66
81
60
161
61
69
66
182
118
167
111
99
86
170
184
121
72
69
208
169
102
93
71
93
61
68
59
62
61
164
99
160
100
441
76
78
68
68
59
161
63
94
67
57
63
53
61
115
103
104
97
67
62
91
57
61
61
65
57
71
159
99
93
82
55
54
65
60
64
90
63
66
64
78
186
105
73
92
55
80
60
70
46
50
53
63
64
61
117
96
70
65
74
158
51
82
85
63
56
53
55
62
55
175
109
95
84
80
58
50
55
57
58
52
60
57
67
59
57
59
48
54
53
158
100
92
60
97
71
56
49
57
46
62
63
62
61
63
53
59
59
175
107
89
80
83
80
57
57
57
53
58
81
149
160
80
88
84
79
58
61
70
70
59
59
69
63
157
191
115
102
90
87
87
86
83
62
51
61
58
62
53
59
157
103
92
81
61
82
47
58
51
50
54
58
59
52
83
161
101
82
55
49
56
71
59
60
59
60
60
63
55
63
63
177
114
97
86
88
86
62
65
114
87
60
60
62
54
54
165
103
76
72
86
98
68
85
67
69
67
65
66
60
185
110
101
92
95
66
56
53
78
59
80
73
49
177
101
94
95
62
165
87
87
70
60
60
70
70
69
72
71
69
205
121
116
86
83
82
70
58
56
56
62
62
71
54
173
100
88
71
62
50
163
94
80
61
52
93
60
62
61
63
65
55
68
50
121
105
101
91
91
90
68
70
73
70
64
69
62
62
123
113
67
65
91
71
64
57
64
56
74
73
74
202
130
95
76
93
79
100
99
98
70
69
65
70
67
58
118
105
95
98
97
66
75
64
100
74
65
70
61
122
116
182
174
99
56
76
62
67
60
65
65
54
68
61
56
60
59
57
62
167
108
97
92
64
57
57
64
74
62
78
65
78
67
69
60
65
51
205
118
96
98
65
55
81
65
61
60
63
57
59
117
102
104
85
64
53
59
62
59
64
60
49
86
53
58
61
54
176
107
93
81
75
77
58
62
68
65
59
69
68
60
66
63
295
162
112
100
100
78
78
64
60
63
54
63
66
62
176
99
93
84
64
59
60
63
62
55
87
82
72
136
111
113
104
167
61
57
78
65
63
55
61
64
64
167
105
88
87
86
58
60
56
56
55
56
55
58
56
58
59
48
73
57
204
164
73
77
56
82
82
165
74
81
150
65
58
55
64
61
54
177
120
94
24020
170
65
67
66
126
89
100
80
119
86
63
92
65
54
54
112
100
54
81
78
82
50
106
96
81
65
60
64
55
176
103
74
77
98
91
98
63
70
65
58
54
170
115
90
61
63
52
60
48
62
60
202
61
78
65
61
59
83
56
59
57
158
106
129
108
94
189
93
72
68
62
178
114
93
66
84
64
62
63
83
69
71
57
72
71
63
67
67
175
114
108
101
58
85
90
85
66
67
66
68
69
63
70
57
48
65
115
76
95
78
87
84
86
53
59
67
59
57
52
160
101
77
86
82
82
82
63
60
83
67
66
64
74
60
67
62
119
109
100
107
104
92
200
90
76
74
104
61
71
61
59
186
119
108
108
66
68
56
67
62
68
67
67
84
64
60
61
62
54
61
62
115
115
71
68
67
63
87
67
66
63
61
64
62
168
107
95
97
82
61
85
65
56
63
65
59
61
60
53
181
107
105
101
65
65
62
64
89
63
68
53
65
60
165
105
89
93
84
50
53
76
197
124
121
102
74
74
75
67
133
119
74
79
103
101
54
100
71
63
64
62
58
65
192
112
109
110
79
195
99
104
82
60
62
75
66
61
59
55
60
51
56
61
174
106
83
84
81
52
54
62
66
56
50
57
70
72
51
51
55
62
54
56
45
50
48
45
58
107
95
80
52
54
69
61
61
62
68
73
91
65
46
65
72
63
63
64
63
181
111
99
169
67
96
72
62
62
69
55
58
65
66
183
121
106
105
95
86
57
92
65
61
61
55
201
116
97
83
61
63
54
79
62
63
63
62
54
52
57
50
179
103
84
96
92
89
88
63
66
67
76
200
117
93
104
84
92
78
58
62
65
64
64
51
60
61
115
100
167
60
94
82
68
68
70
72
66
68
63
60
54
194
111
100
88
94
54
58
56
79
80
70
50
63
52
49
51
63
164
104
58
60
55
57
99
72
63
61
69
58
55
65
51
166
111
84
63
89
83
84
64
60
65
53
68
67
63
60
60
60
56
57
728
105
91
88
88
54
61
133
104
91
80
62
72
165
67
58
88
56
63
56
59
66
62
53
64
71
56
63
57
70
164
108
75
97
57
84
72
75
62
60
61
58
49
55
171
84
79
49
76
83
55
52
56
49
53
57
56
59
57
54
60
156
97
85
72
91
64
91
66
58
64
60
68
67
59
57
56
66
56
174
109
173
110
93
91
60
75
62
60
65
169
95
76
81
61
61
68
68
75
67
68
56
68
65
66
83
63
70
58
183
119
104
90
63
63
66
66
67
66
63
66
91
58
173
100
65
89
53
97
63
71
64
66
66
56
66
59
175
107
88
92
84
80
69
92
60
178
123
70
89
119
108
66
66
58
76
58
64
62
71
58
59
60
50
61
193
115
108
109
71
100
65
57
63
63
66
63
56
50
59
62
62
58
64
170
111
94
63
61
57
55
59
56
59
49
50
56
52
59
156
99
89
90
63
79
61
53
51
56
51
52
57
49
52
59
156
100
91
90
59
53
80
181
67
61
55
61
56
59
59
57
53
169
101
96
86
89
57
73
55
53
55
58
59
54
69
57
54
52
60
57
67
156
104
65
87
83
79
58
62
62
61
62
64
63
58
63
59
59
56
111
96
121
125
267
83
82
82
62
78
73
64
70
64
58
173
88
91
84
85
62
57
55
53
58
159
104
89
85
83
53
50
68
53
46
58
56
66
175
111
91
90
64
59
59
86
83
83
54
61
61
50
58
61
155
104
94
81
80
50
57
58
56
53
65
88
89
65
68
180
106
101
86
92
56
66
94
64
65
63
166
54
63
60
57
57
53
58
161
106
98
84
83
55
58
61
61
62
54
150
102
93
50
80
56
68
160
85
174
64
59
60
57
61
57
60
57
47
55
62
56
59
56
56
156
103
96
81
69
82
51
51
57
53
63
55
64
54
55
58
55
60
161
108
95
88
84
52
50
57
58
59
45
55
51
50
60
51
45
52
158
106
83
83
55
62
79
53
84
60
56
56
59
63
56
63
117
102
115
103
98
54
64
60
53
60
55
58
53
51
59
58
52
156
98
102
83
56
52
60
53
66
49
58
57
65
50
46
51
52
53
48
50
161
101
91
84
55
61
69
58
69
73
60
67
67
94
59
68
178
112
98
90
85
63
57
59
61
59
56
57
57
57
58
57
57
60
112
109
99
88
52
62
62
57
75
64
157
106
92
81
80
56
60
158
98
84
59
55
51
56
52
53
49
52
61
57
54
58
53
60
61
46
51
53
158
92
90
91
70
6066
64
75
63
59
55
58
58
58
52
51
58
68
59
57
57
58
110
97
85
86
58
50
61
63
85
65
63
52
63
52
162
93
94
84
66
82
56
58
51
53
56
53
54
59
50
58
57
56
58
50
40
56
162
104
96
82
61
92
60
69
64
57
57
52
62
213
102
75
70
68
91
58
66
69
65
71
62
60
184
118
109
96
76
95
67
63
63
59
59
65
55
63
54
63
163
106
89
85
58
60
65
60
56
71
58
56
62
62
62
65
60
62
65
61
63
164
104
102
66
90
82
50
55
65
61
64
142
111
88
66
96
60
76
109
103
58
58
52
53
56
49
57
58
58
57
59
56
50
48
60
54
57
58
161
99
95
81
57
59
50
56
52
57
51
51
61
58
57
50
57
53
159
107
97
83
72
52
59
52
54
48
55
50
52
87
52
49
51
67
51
55
111
94
87
82
95
67
63
64
63
58
60
63
55
60
53
51
65
161
106
114
91
58
60
53
57
69
60
80
45
55
57
58
52
59
51
49
50
111
96
91
81
51
71
51
58
51
59
59
58
57
54
54
65
163
106
93
81
86
60
60
58
59
56
56
54
57
67
52
55
55
56
56
156
99
92
67
55
53
56
54
58
54
55
58
54
59
59
56
57
55
56
56
55
159
99
93
81
56
57
67
71
52
109
101
114
78
71
100
199
125
72
70
76
72
64
61
53
62
55
58
65
62
56
54
166
106
100
90
61
63
55
61
51
83
56
79
56
56
52
54
55
56
57
50
53
158
102
92
85
58
59
61
52
57
57
55
56
57
52
55
78
51
56
58
180
99
63
83
86
81
50
54
52
57
49
56
59
54
51
53
51
57
157
104
92
159
101
456
68
97
67
63
57
67
59
59
189
119
114
99
94
85
63
67
67
57
63
60
60
165
107
95
87
55
71
55
59
64
63
58
63
62
64
54
59
58
59
59
53
60
56
165
105
94
60
88
64
48
79
59
45
63
54
61
54
61
55
53
52
166
102
89
82
55
55
61
52
56
64
59
62
54
57
62
52
65
51
54
62
118
166
109
88
58
78
54
64
60
65
57
59
63
60
75
73
199
126
113
103
102
76
74
75
73
72
76
67
69
69
62
76
62
56
58
117
102
91
85
62
53
56
55
56
92
67
63
64
56
54
61
63
112
106
93
87
86
54
66
65
65
63
63
66
65
57
57
157
60
59
163
106
112
98
69
100
61
65
63
57
61
64
59
63
62
64
61
56
170
103
101
89
67
66
111
73
64
175
54
65
63
60
62
64
70
67
62
69
193
120
112
103
95
64
77
208
209
92
73
75
70
71
110
67
67
60
58
70
69
168
112
77
101
94
68
87
63
50
51
58
59
49
61
61
52
54
59
59
62
57
48
163
101
92
83
56
45
56
65
68
52
65
51
58
47
49
52
51
71
58
49
153
98
83
78
158
67
57
79
71
65
67
67
61
68
62
53
63
63
61
66
172
76
103
90
91
69
83
57
65
69
65
68
67
55
67
184
100
91
182
119
74
74
72
74
56
184
118
95
73
70
61
67
79
68
60
60
70
60
58
55
61
107
56
53
62
53
113
97
64
62
61
61
59
83
53
52
58
53
51
57
51
49
58
154
97
161
74
85
74
60
50
55
56
61
57
54
56
59
51
59
51
51
52
113
99
101
87
85
58
57
62
66
75
63
64
64
53
55
166
110
91
84
85
59
68
57
53
52
52
57
59
57
58
52
56
47
160
100
96
79
92
57
66
60
65
62
56
61
62
62
64
64
61
170
112
100
86
89
60
59
54
60
63
71
68
61
190
119
96
88
99
124
94
67
66
68
60
66
61
59
89
54
83
63
182
120
103
183
121
65
63
68
55
60
57
59
65
64
54
63
50
67
62
63
66
66
58
59
59
185
114
111
93
97
69
60
66
60
91
91
80
83
84
90
243
155
97
118
79
72
107
73
108
78
74
210
109
106
94
74
57
60
66
65
65
56
60
69
73
65
61
75
67
183
184
115
89
96
67
96
60
63
62
52
65
53
61
53
52
49
60
164
92
93
84
86
63
52
60
58
56
53
62
71
62
65
60
52
60
113
89
82
84
56
62
61
53
62
59
55
60
63
73
60
52
61
52
50
53
53
59
48
45
112
176
91
80
73
85
71
64
70
64
62
71
95
56
69
62
62
124
112
103
94
85
79
82
63
64
64
63
60
51
61
47
157
101
163
106
56
62
59
90
59
57
65
57
51
62
55
65
60
56
50
57
52
49
63
60
60
60
51
162
93
83
70
79
60
54
52
66
64
154
62
53
63
58
59
57
56
54
56
159
101
54
55
59
135
58
54
58
53
57
64
68
79
60
157
68
49
56
63
62
61
169
102
103
211
63
55
56
72
84
65
69
74
68
74
65
60
66
129
109
105
94
85
54
64
59
57
70
51
60
168
113
99
88
114
98
61
60
66
62
60
62
57
61
68
55
73
62
52
60
63
63
173
106
96
88
143
62
59
260
71
60
54
72
71
70
72
71
128
106
118
62
100
98
89
106
87
77
71
64
62
61
59
174
102
93
88
82
214
78
109
76
78
80
69
67
131
108
95
94
93
94
67
56
62
63
85
74
66
89
67
71
184
121
183
117
67
67
65
67
58
54
75
67
61
70
69
62
54
56
63
65
56
66
64
65
63
177
112
100
92
63
57
62
64
64
104
60
58
58
56
165
116
58
65
93
58
55
62
67
57
58
64
52
58
60
57
62
66
167
113
98
84
62
61
58
52
57
58
52
79
60
58
52
50
59
52
51
159
99
88
80
80
51
54
57
56
62
74
70
70
58
71
173
69
182
126
134
117
96
66
61
77
101
90
71
73
74
69
73
64
132
116
113
99
99
62
73
68
67
72
71
59
60
67
69
72
64
64
188
111
113
99
101
84
60
66
55
58
70
62
63
68
59
67
59
55
180
116
98
95
58
60
72
101
67
74
60
90
90
73
63
64
73
69
190
123
110
101
97
71
167
185
112
64
68
68
68
59
98
65
65
251
108
108
87
66
81
61
71
68
59
67
68
65
59
63
67
67
53
181
116
103
98
60
62
69
62
68
67
72
65
70
67
68
70
80
68
68
78
69
190
96
109
69
74
79
101
104
109
76
74
74
67
63
60
93
61
62
196
125
114
111
87
72
71
70
102
67
57
74
68
78
166
69
65
70
193
122
110
97
104
67
75
73
44
65
64
69
63
61
58
61
71
134
115
108
94
100
74
72
74
67
71
62
68
68
76
61
62
130
104
104
63
65
60
63
166
61
183
183
110
172
178
161
165
94
217
182
261
311
183
113
108
112
190
82
243
160
179
161
89
96
97
115
271
190
175
112
157
120
103
123
197
77
108
82
88
92
100
117
275
185
259
157
130
126
95
121
118
128
125
82
131
77
79
201
117
88
78
61
64
62
61
60
58
95
64
57
59
52
63
57
65
60
178
119
142
61
59
70
66
66
65
58
58
69
67
68
64
193
126
109
98
74
84
194
111
95
89
77
70
62
66
67
70
188
119
111
161
67
71
78
172
76
70
69
167
78
2301
71
74
68
12115
69
131
112
949
93
85
57
69
69
163
189
123
121
94
126
98
265
129
180
109
159
191
256
181
105
101
72
80
72
71
69
71
72
73
76
71
71
71
97
193
118
91
77
131
100
69
93
66
67
65
66
61
61
45
68
182
122
108
99
67
86
69
73
72
71
72
69
69
69
78
66
184
95
188
119
105
75
99
196
73
75
63
75
74
200
294
175
184
284
218
154
191
122
208
131
128
95
101
231
156
136
232
117
131
98
95
199
246
159
117
90
115
237
126
88
96
136
91
79
76
87
83
93
91
89
82
69
213
69
63
64
170
82
213
106
105
94
57
71
59
58
60
55
57
89
67
53
66
68
65
65
61
58
114
158
185
149
123
119
128
124
164
118
126
136
215
135
110
109
107
177
304
132
195
233
157
138
105
91
110
75
186
119
158
94
77
69
67
72
73
72
78
80
80
75
74
78
70
175
122
176
112
61
90
64
61
58
58
61
191
126
84
100
87
79
63
175
115
75
58
61
57
67
61
65
67
81
67
121
83
107
93
95
69
67
69
72
67
69
68
48
70
71
70
70
68
73
176
122
173
114
102
70
68
65
64
73
70
68
71
75
75
75
56
93
69
72
70
60
182
121
123
103
89
64
92
69
67
74
225
157
157
141
132
98
140
266
206
125
169
93
270
184
134
121
103
299
243
146
153
117
131
89
93
126
122
73
78
65
70
70
66
64
54
186
113
96
65
63
160
65
77
80
78
77
95
81
81
71
69
185
127
107
109
77
82
66
60
61
70
65
79
163
75
99
101
96
85
52
69
73
64
179
115
114
114
94
81
71
68
66
65
77
70
79
75
70
72
61
75
68
78
190
112
103
102
96
108
72
73
74
183
90
86
68
59
70
182
183
118
98
94
58
90
70
127
121
87
88
72
77
126
185
116
91
72
72
76
74
67
68
63
62
63
67
66
64
162
105
98
86
55
92
65
67
65
61
63
70
66
73
53
72
68
70
183
130
98
90
88
63
72
67
61
59
71
82
75
65
66
62
61
63
53
53
161
117
106
83
101
73
74
74
69
73
105
91
182
86
81
77
208
92
135
116
79
79
77
70
75
64
71
70
71
54
54
69
68
57
64
66
65
54
53
111
100
100
95
88
101
79
74
70
71
69
66
76
73
72
78
124
115
66
75
59
85
68
46
62
59
63
56
60
58
60
61
48
62
62
53
155
105
85
76
56
72
60
67
59
62
65
60
50
65
67
64
168
118
77
64
63
65
57
63
168
166
112
88
68
69
69
62
63
65
68
64
76
72
70
72
65
72
73
73
181
182
124
99
103
77
96
78
191
129
107
92
72
70
78
92
67
67
75
77
2437
996
339
253
204
248
117
402
117
258
99
89
81
85
62
173
94
92
253
365
148
1970
108
88
4763
146
100
89
82
101
83
171
78
78
75
74
83
83
69
73
75
73
163
202
438
119
96
72
60
597
64
75
62
70
82
217
90
82
66
68
70
156
74
68
64
65
74
64
202
126
114
114
69
156
76
93
196
132
121
97
201
83
79
83
69
226
78
76
211
71
75
70
76
74
69
186
129
176
150
94
94
221
209
234
91
235
207
200
111
147
272
156
127
96
92
85
96
196
110
92
100
84
101
91
182
93
88
95
170
253
123
81
206
72
76
79
69
144
138
69
187
293
184
82
62
176
86
84
79
66
79
59
79
79
73
312
239
174
134
191
105
74
185
197
185
114
111
200
79
174
155
192
135
126
100
100
94
1292
88
90
75
90
86
240
265
154
155
129
158
10300
273
168
117
108
102
297
194
208
131
145
210
145
140
143
130
118
197
229
170
149
99
144
106
112
104
90
110
86
100
76
250
185
148
98
110
84
80
91
74
78
85
76
74
248
134
136
145
196
184
755
111
110
103
100
112
108
95
199
182
115
107
94
91
197
252
143
154
119
158
121
361
241
170
106
148
149
244
162
129
247
139
181
91
166
118
75
74
78
76
74
68
72
77
100
72
87
200
156
141
114
88
87
109
120
90
73
75
203
133
181
146
148
104
139
105
1014
115
104
115
95
159
185
125
217
203
214
171
108
317
322
232
221
173
143
93
114
123
84
84
81
69
85
239
161
145
108
80
90
73
70
75
66
63
68
64
59
74
71
184
106
98
69
85
87
88
87
88
88
80
75
76
138
124
120
81
110
193
136
100
95
126
154
121
223
149
190
144
171
213
231
175
149
131
145
333
240
133
121
89
119
96
94
86
76
70
93
96
90
78
234
181
190
134
78
83
72
268
151
148
143
107
95
224
190
185
214
130
127
105
214
90
95
99
94
232
403
159
135
687
200
83
78
79
434
139
102
271
172
137
275
250
226
140
128
117
119
99
112
203
208
211
222
178
109
161
153
168
107
125
213
109
100
88
100
91
277
186
174
127
108
102
92
97
102
188
1568
106
137
137
130
349
207
2021
177
167
106
125
253
164
288
110
106
102
103
92
101
106
88
90
95
106
290
174
208
288
118
115
288
119
176
106
85
103
91
83
90
118
97
105
83
102
94
391
297
247
268
242
324
217
445
192
242
184
191
203
162
770
117
124
217
188
135
132
159
116
224
117
104
98
117
119
112
215
239
198
149
154
401
187
248
322
1012
475
325
132
127
128
122
162
327
192
223
225
261
185
175
157
447
267
237
210
223
182
279
289
218
209
329
195
149
143
225
307
208
264
118
110
124
121
119
107
123
121
228
266
371
215
194
203
273
204
227
1222
224
174
352
559
161
429
772
354
291
252
251
162
137
501
177
207
134
172
263
381
207
219
169
216
176
165
217
122
205
118
118
115
319
206
161
165
117
132
121
136
140
113
107
314
214
169
225
407
220
471
265
264
253
147
222
209
180
116
341
224
149
171
251
128
106
120
136
215
238
154
166
114
114
94
102
119
1015
215
186
130
124
128
125
134
113
215
390
200
179
261
169
123
343
153
312
257
254
303
304
249
223
239
266
403
191
215
261
194
136
143
160
118
117
158
121
127
224
194
119
125
100
109
120
98
94
121
102
87
329
188
166
113
154
148
122
109
110
105
123
330
169
173
130
102
147
137
124
113
207
173
484
313
371
206
175
288
480
401
235
194
212
208
451
258
206
277
190
189
128
119
117
355
190
168
178
133
253
118
108
101
115
356
211
165
150
132
137
124
137
116
123
96
152
410
351
202
185
428
275
251
426
260
304
231
1263
179
162
318
216
174
238
126
105
104
121
125
107
106
332
318
147
118
145
159
165
116
113
118
149
124
319
206
173
123
168
255
180
218
388
314
264
132
173
220
259
192
180
380
307
186
261
290
255
194
380
330
159
149
143
148
304
199
231
119
169
107
105
107
102
106
104
111
339
204
171
170
108
107
104
120
125
217
121
326
148
304
117
119
128
117
125
121
104
105
123
346
203
131
174
150
156
112
123
131
110
134
230
183
129
153
131
146
231
114
130
342
140
197
107
111
93
98
143
101
145
294
190
138
178
156
110
159
833
101
96
106
101
97
108
296
173
135
110
98
101
161
108
156
199
157
111
112
113
112
188
113
99
113
310
259
194
251
192
129
130
108
105
110
76
104
319
172
189
160
134
130
99
140
96
106
89
110
96
97
131
92
284
184
169
162
106
96
152
110
115
106
111
92
100
104
319
296
183
148
137
93
100
86
95
100
92
185
299
197
184
141
96
106
109
110
89
92
109
94
84
102
96
267
129
195
92
132
148
89
137
98
87
83
91
86
87
253
174
118
113
86
102
83
118
100
85
99
92
99
260
174
104
96
129
87
643
97
101
97
88
107
729
104
97
324
2403
116
117
110
108
96
100
116
102
303
151
100
128
97
84
81
71
86
71
88
83
75
74
86
243
147
126
123
78
104
670
105
120
126
125
272
174
76
87
80
88
82
82
64
79
80
80
76
306
400
261
264
98
100
70
90
213
67
63
82
85
211
154
144
140
132
87
78
85
151
132
120
120
106
77
72
87
69
87
74
85
78
101
305
177
121
193
204
110
100
166
125
258
288
515
76
77
74
78
74
74
73
75
79
113
68
101
80
76
274
190
172
137
284
97
151
91
98
672
99
97
100
110
196
178
104
321
188
209
144
338
267
163
114
140
112
103
294
167
95
103
102
86
123
75
132
96
85
93
94
102
127
80
97
271
287
167
163
109
148
109
94
104
93
300
170
145
142
224
125
134
243
180
376
329
158
232
132
396
354
227
138
148
130
151
127
136
115
146
255
240
1990
138
102
119
92
102
105
102
82
97
107
93
302
105
101
102
71
225
100
93
96
104
104
100
99
105
322
468
244
268
165
147
171
482
180
508
133
113
181
107
92
97
96
121
416
140
135
108
111
207
110
196
109
272
138
440
149
199
1853
469
354
205
212
219
156
214
166
169
184
374
252
154
175
136
138
129
120
128
144
344
161
151
127
124
123
116
163
169
162
504
236
330
549
244
282
386
131
271
127
147
108
98
91
233
182
313
162
192
134
115
114
119
118
333
143
331
180
163
133
111
101
126
106
114
1205
256
154
386
259
250
161
567
302
281
205
389
287
193
191
230
160
246
151
106
118
231
107
111
313
223
154
147
144
158
102
198
111
121
96
271
214
186
120
123
136
209
148
124
316
207
565
161
390
255
938
434
119
179
127
101
132
106
155
748
99
107
118
91
106
105
323
227
124
101
126
94
101
97
105
108
90
88
93
75
263
159
127
293
152
87
123
102
104
103
189
113
141
100
108
102
89
272
143
112
100
276
160
156
109
104
114
271
133
111
104
117
100
107
275
213
124
125
121
131
126
119
106
92
103
106
97
99
106
100
272
165
105
104
92
94
119
96
108
102
337
179
143
141
262
118
105
107
91
104
90
89
84
95
93
102
185
165
107
105
111
76
76
184
74
75
88
87
77
81
75
91
293
204
210
227
127
94
97
92
75
95
242
187
122
107
159
696
94
247
139
87
88
111
97
97
85
91
97
143
94
137
147
310
118
180
110
88
83
84
81
90
93
80
88
72
157
142
112
116
105
103
92
85
85
87
81
89
56
90
87
88
90
85
64
125
254
232
140
163
130
113
102
106
108
469
103
98
251
151
108
123
90
91
76
88
89
82
80
250
153
137
127
118
80
82
68
86
88
73
59
73
55
72
74
68
71
66
65
70
74
45
72
73
131
117
90
70
73
71
72
172
63
67
63
70
68
60
67
67
82
73
66
189
125
107
100
63
64
68
87
67
69
76
66
68
69
63
87
66
73
71
66
66
67
60
44
70
187
124
70
74
70
69
81
75
72
68
56
74
67
73
68
74
70
72
73
67
71
74
70
191
127
185
169
125
97
114
82
94
100
105
102
82
232
138
126
106
196
182
103
72
68
74
67
73
73
68
64
73
65
70
74
45
72
71
74
189
120
116
90
99
68
80
83
74
71
76
72
77
65
70
72
64
75
74
75
192
109
106
75
84
59
80
70
64
63
67
75
65
63
66
65
66
64
65
64
65
61
61
56
63
61
161
110
85
71
71
57
59
64
54
60
492
56
55
62
56
57
68
64
65
61
61
61
63
340
125
106
98
69
62
63
63
61
65
62
61
60
61
65
59
61
66
58
58
58
63
112
105
85
75
59
195
118
93
79
84
74
75
62
69
77
78
76
74
55
56
60
49
170
114
128
91
76
78
58
55
62
65
72
76
73
78
72
75
64
65
58
64
58
51
54
57
60
66
175
118
97
81
83
67
71
81
65
70
63
67
63
64
67
66
57
59
70
56
55
166
116
106
90
66
74
71
68
71
67
69
67
70
72
175
67
63
67
54
64
68
61
65
56
3850
92
98
82
75
62
63
57
60
80
54
60
60
57
57
50
60
51
69
67
55
77
68
70
62
64
56
60
48
58
59
60
186
119
100
66
66
60
60
61
124
109
116
95
72
62
58
62
66
61
60
59
57
106
103
76
77
72
58
63
63
52
157
64
56
57
64
64
61
59
65
66
59
66
65
53
63
59
64
173
109
88
96
90
82
57
58
62
65
64
65
63
64
69
71
59
60
62
61
59
114
102
81
89
88
66
70
55
68
65
59
57
62
55
64
60
62
60
53
52
52
58
54
55
53
51
109
101
403
71
55
53
69
58
67
64
56
60
67
55
68
67
64
60
57
56
60
55
61
68
47
48
60
161
110
97
80
89
61
64
55
57
75
58
59
65
67
51
44
162
91
72
73
55
66
57
57
58
56
59
67
59
58
61
54
139
102
72
131
86
77
65
50
62
150
65
59
61
61
41
59
65
62
66
47
60
67
68
169
97
63
63
62
73
69
62
67
56
58
67
72
63
49
59
66
57
54
55
51
222
272
164
197
92
74
61
78
69
75
73
78
72
69
61
55
50
66
54
50
54
162
108
61
54
73
55
353
56
53
54
65
57
58
59
60
64
68
63
166
66
58
56
63
59
66
63
64
50
59
54
167
108
103
102
63
70
67
70
189
113
181
82
73
69
67
69
70
64
66
173
113
102
72
73
62
46
67
62
58
63
64
64
61
64
58
64
63
62
65
64
67
43
42
184
114
110
77
64
66
61
57
55
54
65
68
70
64
68
67
68
67
60
59
57
56
56
181
111
94
87
62
65
60
67
61
54
64
55
62
63
78
61
70
88
62
77
93
90
67
65
69
67
68
56
175
113
109
113
85
71
74
69
71
61
374
67
61
57
60
66
63
63
60
61
176
160
189
100
69
74
68
71
132
102
97
103
73
68
67
82
61
73
58
64
59
59
58
41
64
175
102
98
88
59
52
91
135
92
135
61
62
92
62
55
53
67
166
66
62
62
63
66
54
55
62
44
63
176
108
101
91
70
54
64
65
62
78
83
82
72
69
77
79
83
175
87
101
85
85
79
68
63
233
2560
219
126
127
104
87
87
76
70
62
64
68
60
42
57
63
115
70
62
48
59
65
57
56
65
48
59
65
65
64
64
63
54
64
65
159
63
62
63
384
58
57
181
104
204
201
88
100
133
83
90
75
71
72
90
76
89
173
228
184
123
82
101
129
228
175
173
147
120
105
109
118
88
102
92
79
69
72
82
209
79
73
230
160
155
113
78
83
77
80
69
79
76
76
78
184
84
80
78
76
80
74
224
137
87
99
85
162
84
83
75
83
74
70
75
74
72
68
78
66
75
62
88
69
69
63
252
155
121
194
92
147
64
89
71
70
78
101
77
63
81
138
146
68
71
80
77
73
264
175
129
104
106
97
91
78
83
89
90
142
91
90
95
89
90
85
81
602
111
94
81
52
63
45
59
65
66
63
64
86
84
75
88
91
95
167
122
143
128
123
353
198
96
82
89
84
91
104
92
90
88
83
88
88
279
230
193
227
113
132
110
115
89
89
82
86
81
83
81
109
93
254
165
139
185
126
92
86
66
84
73
174
89
86
86
208
80
95
89
510
154
148
235
210
138
80
85
91
90
98
84
83
95
80
76
84
82
74
83
72
82
258
160
146
145
135
88
82
96
111
116
211
94
146
88
91
87
550
198
249
231
281
108
186
90
237
87
93
85
87
91
262
149
205
121
687
90
222
186
91
91
273
124
123
114
91
95
89
17406
396
223
145
117
98
105
87
86
99
59
87
100
89
89
81
86
98
282
169
155
138
94
96
111
87
104
88
100
75
103
101
100
189
128
138
136
114
132
99
102
85
67
87
61
88
83
78
72
88
186
168
88
100
133
82
84
95
104
86
90
102
88
77
90
287
362
193
141
116
86
87
103
77
78
85
86
80
85
95
99
104
95
231
356
213
288
166
121
133
121
189
141
199
246
103
93
81
87
94
285
187
171
136
80
75
125
83
82
72
78
76
72
69
73
571
88
89
78
170
154
148
127
78
91
77
82
74
78
88
169
81
87
79
86
2008
91
123
88
86
87
89
86
79
88
85
66
84
84
85
75
75
132
261
96
87
87
81
81
91
84
72
78
76
79
79
71
73
107
86
71
77
83
78
260
111
123
127
109
86
76
89
73
202
80
92
76
68
82
82
79
78
72
277
158
88
89
97
82
251
158
148
133
93
79
81
78
79
89
74
69
75
248
159
146
135
83
102
78
87
88
488
81
79
77
77
75
86
76
71
64
70
64
221
171
126
114
177
69
68
76
165
77
68
66
66
68
89
66
69
63
74
223
128
187
177
126
72
68
68
59
75
68
159
69
66
77
76
69
137
75
75
91
73
203
172
70
73
66
100
75
75
77
77
67
75
61
59
58
69
65
69
72
185
231
140
113
107
108
75
75
77
64
64
71
75
70
59
81
62
64
100
55
83
71
163
76
69
68
62
70
237
134
76
75
69
77
178
77
68
76
74
67
73
69
64
79
74
70
65
76
66
76
73
224
128
115
112
74
69
74
73
68
74
74
68
176
67
73
72
80
219
123
80
103
109
110
111
67
61
66
432
74
66
69
60
81
64
68
77
75
63
64
56
174
108
62
138
57
62
55
63
54
56
64
57
64
72
61
86
78
72
74
83
82
96
235
137
438
229
137
91
107
507
70
71
69
71
64
60
67
67
57
59
60
58
49
62
62
42
55
177
221
100
67
61
58
60
62
52
60
54
54
50
61
158
60
166
61
55
54
62
63
49
60
174
109
110
100
64
49
68
62
57
62
56
55
55
60
62
52
60
63
60
51
53
59
53
53
46
53
48
52
64
50
421
138
239
102
86
108
233
81
61
98
105
125
103
668
197
136
130
224
80
76
71
72
68
74
80
68
73
71
68
64
60
64
68
65
69
69
64
66
60
62
57
182
109
105
89
70
64
83
76
67
62
65
62
61
63
62
66
64
64
73
61
62
63
58
67
68
114
113
168
105
67
98
182
86
95
89
65
87
72
65
49
64
62
59
156
63
55
57
64
181
105
92
91
56
78
62
55
64
60
52
54
57
51
54
74
55
55
60
55
54
53
55
51
56
53
54
151
50
213
135
73
148
58
55
75
60
57
92
169
87
62
57
61
61
158
51
60
56
62
57
53
52
286
56
53
52
48
56
48
55
191
106
92
88
143
59
59
63
61
56
53
61
63
49
64
49
58
54
50
59
58
49
56
54
48
74
60
53
56
66
167
105
96
68
85
62
79
1422
105
85
81
64
65
56
66
61
2348
63
62
60
68
64
62
57
188
111
112
100
69
60
58
57
62
54
59
60
62
59
61
62
62
66
62
69
59
57
62
52
64
58
176
108
108
85
62
62
60
164
162
86
73
59
60
58
58
55
59
48
61
57
60
59
151
57
52
48
57
51
208
173
1035
92
68
72
65
65
67
67
65
69
80
67
65
65
181
117
166
88
61
61
58
54
169
94
77
72
45
54
72
57
58
62
67
56
65
64
60
50
64
105
94
87
82
84
79
73
84
68
82
72
241
147
128
128
174
99
77
72
72
122
64
79
176
76
69
81
62
71
67
72
65
83
157
74
65
410
123
126
135
89
65
78
80
81
163
80
78
69
69
71
60
76
186
72
87
68
62
73
58
56
386
129
167
113
96
79
83
59
63
72
89
88
77
74
74
119
170
65
65
68
62
77
76
72
435
125
191
111
104
100
175
80
65
70
173
69
73
68
91
84
163
132
99
84
109
86
220
139
89
105
177
75
72
73
113
62
75
77
75
81
73
79
76
69
67
77
87
80
101
70
67
71
64
136
104
94
142
68
184
66
62
60
64
72
58
54
56
58
59
43
57
60
49
47
36
59
47
50
54
53
159
97
84
58
49
56
49
57
47
57
57
75
64
53
58
58
58
60
60
52
56
51
63
56
51
67
61
53
172
420
73
104
65
53
64
66
54
60
59
56
65
69
59
59
42
55
63
57
60
53
154
47
58
58
57
50
50
52
51
52
62
170
958
100
98
70
240
49
65
49
66
64
59
70
73
70
69
126
213
75
64
61
57
56
71
119
170
144
105
82
92
66
183
83
101
59
55
65
65
64
54
55
56
64
53
148
52
48
54
52
57
51
70
110
146
79
72
85
59
55
54
68
61
68
55
62
57
56
70
67
66
65
64
67
50
52
58
54
59
52
170
99
95
70
74
50
50
53
46
52
58
50
51
45
60
51
59
46
51
58
50
58
178
150
138
81
301
124
93
82
81
84
77
84
79
75
74
75
74
65
66
75
78
97
74
71
176
73
93
86
62
268
154
86
342
58
59
57
56
54
56
55
64
58
54
70
55
57
57
52
53
44
55
55
57
58
56
57
53
59
55
50
174
197
145
86
68
74
57
58
59
56
59
50
56
77
52
56
56
55
49
60
68
53
60
52
48
53
157
98
59
54
55
74
155
80
78
57
54
48
52
45
57
49
146
61
62
59
59
59
59
56
54
61
61
55
59
49
57
53
53
50
164
99
85
84
82
52
53
52
60
53
53
57
54
59
56
54
53
53
62
62
48
52
43
49
53
62
193
137
173
98
62
88
69
63
61
60
67
60
60
63
240
59
60
61
44
65
64
66
66
52
53
55
57
53
52
110
139
86
60
59
54
56
57
73
57
57
173
115
151
138
62
59
54
53
73
51
53
58
48
48
45
49
45
175
144
124
171
128
82
71
68
68
85
170
68
84
76
73
74
66
70
66
75
66
62
61
63
70
75
532
157
125
114
74
79
70
75
68
67
67
182
108
82
88
71
76
58
56
65
57
58
57
50
60
80
104
100
92
79
63
67
61
64
63
91
62
62
61
69
61
74
66
65
59
60
61
69
61
50
52
55
56
53
54
59
161
145
109
85
75
64
63
66
65
68
63
77
67
60
63
63
61
60
60
68
65
65
64
61
60
56
59
57
94
167
112
117
95
71
64
58
56
74
62
59
58
60
59
62
60
59
58
61
63
80
66
61
59
61
58
50
53
56
51
50
54
222
114
302
93
72
69
69
68
64
62
61
65
62
62
60
60
62
59
79
72
72
57
59
54
60
58
60
64
60
89
103
165
255
107
69
61
57
69
64
62
66
65
59
62
87
99
97
92
92
85
84
204
174
114
103
66
77
51
18417
113
177
126
90
80
184
69
72
101
58
58
162
74
57
58
58
55
52
59
53
52
59
47
62
50
58
56
49
61
63
1424
100
97
102
98
74
61
78
70
66
66
79
64
65
95
85
78
84
78
62
243
86
78
235
221
158
128
122
93
196
90
74
73
91
94
95
95
112
71
87
180
113
109
87
111
88
102
100
183
100
87
155
73
104
84
72
79
81
77
77
63
68
64
69
145
137
127
127
78
88
83
162
74
104
76
68
93
70
66
78
75
167
65
71
64
70
107
81
63
183
64
71
263
151
127
107
80
77
87
186
96
90
84
95
81
97
86
83
82
193
65
62
78
67
66
73
99
77
77
224
113
2005
68
70
70
72
74
72
69
80
76
78
93
84
72
75
75
64
64
70
77
86
72
83
71
83
70
156
65
220
106
87
81
158
77
66
77
68
84
65
58
62
59
169
70
161
75
82
85
79
74
75
82
82
83
66
70
59
79
73
67
73
64
233
171
166
110
72
77
71
98
119
87
74
76
64
70
1401
87
99
125
188
121
118
112
310
194
247
159
115
108
194
87
97
86
190
115
119
78
84
82
85
70
250
145
150
143
107
111
100
88
84
75
80
70
70
74
78
77
69
69
147
84
83
69
78
69
224
86
407
233
28141
150
96
92
551
61
66
52
68
55
52
63
57
61
65
60
66
59
62
73
222
211
543
178
305
126
196
201
94
96
182
146
66
72
65
71
355
167
208
133
100
129
128
126
193
153
122
157
226
249
122
108
4740
57
60
58
185
82
76
72
60
78
55
52
52
55
54
63
60
60
56
73
57
55
62
64
69
56
68
68
59
186
118
109
87
63
57
65
62
67
56
74
287
71
103
194
95
119
107
122
167
97
88
68
96
82
168
179
124
96
174
76
68
317
562
160
122
155
93
87
168
69
68
71
168
57
55
62
55
55
169
133
95
86
92
61
61
103
84
59
59
60
68
72
62
57
54
58
60
64
60
66
69
56
72
66
69
68
93
89
102
240
213
88
114
70
75
72
72
174
244
185
153
73
959
64
173
64
68
187
125
115
106
60
58
76
91
67
74
147
228
117
85
82
74
231
136
133
125
68
220
100
75
73
73
60
58
65
61
53
61
58
73
71
69
54
57
59
60
55
63
55
63
55
57
57
62
53
56
55
204
610
117
154
118
91
107
119
185
61
64
62
61
57
191
211
87
132
71
88
68
56
65
69
62
74
62
60
57
66
60
53
86
69
60
68
59
62
74
62
198
73
61
83
65
64
56
65
53
48
60
56
60
49
61
54
50
63
50
52
60
57
56
53
60
55
52
57
54
52
112
103
92
82
59
56
57
57
59
58
56
53
54
53
51
53
55
52
56
55
55
53
59
55
59
55
54
55
55
55
46
57
53
162
88
77
82
68
54
50
58
57
49
51
61
56
49
54
51
50
54
55
50
54
47
50
46
49
55
53
52
47
51
52
50
48
51
148
96
66
66
51
50
47
50
52
50
48
53
55
55
56
59
50
47
51
51
49
53
46
52
56
43
52
51
51
54
55
51
50
51
51
46
142
94
86
89
64
65
58
55
60
61
55
52
58
52
53
143
90
69
64
68
56
61
56
61
55
49
57
51
54
44
53
55
50
54
142
94
58
54
55
56
73
106
66
60
48
59
60
64
58
60
58
76
64
58
61
57
59
53
58
52
57
47
10179
112
87
83
73
52
45
45
52
62
40
50
54
46
47
46
46
50
51
48
53
46
46
47
49
52
46
43
50
48
62
55
235
390
104
91
78
59
65
64
60
64
65
54
63
64
57
61
56
45
57
60
56
54
58
57
58
56
53
48
49
58
51
47
56
48
48
47
50
145
93
52
72
50
65
54
53
44
55
51
60
58
53
50
56
48
51
60
50
57
51
49
47
51
48
55
51
47
57
57
50
51
55
35
46
51
48
47
197
154
88
124
128
273
180
111
71
77
52
59
62
58
61
56
59
56
53
55
57
60
59
42
62
67
61
56
55
56
63
61
56
57
152
102
53
55
146
94
55
56
53
50
74
51
50
54
56
54
56
69
53
67
48
53
62
53
67
49
54
51
59
52
50
50
159
164
94
79
69
51
54
57
57
52
61
54
63
71
58
62
61
58
50
58
58
53
62
54
60
54
54
52
53
60
55
60
183
151
118
109
81
125
63
180
54
153
64
59
63
58
59
59
49
58
60
66
58
56
55
54
55
51
58
56
54
51
60
155
102
122
98
60
67
80
73
65
55
58
64
54
57
57
65
58
53
62
54
58
62
49
45
43
55
49
53
50
49
156
101
95
99
59
53
83
74
56
74
59
50
68
64
61
56
60
54
64
72
59
55
703
57
57
54
50
50
60
45
44
55
51
52
51
153
107
105
75
51
53
52
112
56
73
49
51
147
63
66
63
63
59
59
63
79
63
61
61
55
161
110
63
54
58
60
59
163
104
82
70
58
60
53
54
87
57
53
124
65
60
59
59
56
60
55
62
52
50
73
56
60
51
156
105
91
85
59
50
53
52
59
55
79
57
54
55
54
53
54
57
59
58
49
55
53
87
48
69
44
53
50
54
48
152
101
93
80
213
1111
64
63
68
67
63
64
57
50
70
46
57
50
62
51
63
118
75
100
62
62
345
59
58
58
55
57
59
58
48
52
48
38
58
57
149
92
82
77
77
63
63
62
59
54
54
53
76
51
53
59
61
54
54
57
54
61
54
52
63
60
54
54
54
149
103
56
177
53
50
72
48
49
56
49
62
56
59
48
58
55
58
62
49
61
57
61
63
46
62
51
54
58
62
51
52
54
58
53
54
54
47
155
99
87
86
80
58
71
59
417
60
66
61
64
60
65
60
69
60
72
66
64
63
64
63
72
55
58
57
55
64
57
63
63
61
148
98
59
57
55
53
56
53
54
58
55
55
53
617
60
55
58
54
49
59
37
61
60
54
54
54
59
52
52
53
60
54
54
54
54
51
47
103
97
90
80
58
50
50
51
58
56
51
47
54
55
49
50
52
54
62
57
51
58
60
56
52
51
52
49
58
59
51
46
51
53
53
76
52
52
156
101
94
52
61
59
66
187
759
93
74
72
65
57
75
68
71
67
61
74
63
57
66
56
57
51
57
47
59
49
148
103
96
86
54
51
157
49
48
56
55
46
43
53
49
49
48
45
48
50
49
53
74
62
46
48
48
55
47
50
49
152
96
53
49
50
54
45
43
56
56
49
43
44
43
48
42
34
46
46
48
48
53
50
54
48
49
46
52
48
50
44
50
35
50
48
52
49
91
90
543
72
84
90
110
81
82
75
85
76
80
79
75
68
60
69
72
58
170
119
115
105
65
54
57
55
75
113
105
58
541
57
48
52
57
52
155
39
83
59
182
184
113
133
169
159
167
68
71
58
57
52
53
54
54
54
67
71
60
66
71
65
65
60
71
57
56
59
52
54
53
49
52
61
44
55
49
59
52
46
56
57
112
96
65
86
540
60
79
47
55
46
51
59
48
52
54
53
55
65
51
48
51
50
52
49
51
50
59
58
54
56
54
48
54
49
54
53
52
53
57
45
53
192
163
96
165
49
54
51
51
53
52
51
50
58
53
61
61
55
50
50
47
44
55
45
58
86
