1197
63006
27322
873
11401
18532
5853
28066
10411
15364
20083
29576
14241
21570
17132
8003
4526
19783
15817
1262
20840
23322
20837
6549
19378
14467
6891
24233
6996
8431
1526
23537
6940
16625
8223
6202
14971
18961
377
12362
22293
14213
23397
18493
12763
24437
14755
8760
12829
17506
18659
4071
11633
17691
8318
229
23708
8433
22314
17753
8812
938
19977
23970
14639
11144
22653
178
14693
23378
5078
7172
22069
13603
8185
20319
19137
5648
19378
12254
7306
17944
22180
12628
20233
10308
10558
14197
11048
5828
21683
5860
1695
19645
21546
12644
7714
912
3042
15405
22149
7800
1820
29580
4483
8717
19056
3798
1364
22740
5496
12919
6106
9884
17550
13681
5980
9456
20801
19697
6307
9832
262
12927
23240
23074
16910
15208
10707
11736
15824
408
19002
9300
25394
21919
6096
24109
23796
2817
22078
6866
20629
14721
6340
24992
6179
14950
21827
24237
10658
24142
10159
8910
5153
3994
2352
5109
12532
11913
14492
21641
11928
21657
11576
9349
19307
11241
8149
13580
14493
7630
11075
17212
6867
10781
29786
12959
12231
16427
13968
16014
9387
11843
15050
22517
15896
16271
22028
11108
16885
11954
4918
395
2831
15698
5605
16052
16290
4364
1227
7913
2730
6901
20653
4670
995
24488
18717
6868
11247
4944
8969
23548
22071
19819
3107
16296
23630
3777
17234
14138
17915
9732
14158
10330
18535
2617
4074
10403
13116
18771
15749
16637
18941
9046
4894
9821
18487
5564
4064
1234
25297
1910
6829
4204
3064
1802
10174
5402
16333
24053
18210
14122
3710
35699
14718
15912
23089
24492
1338
5309
21953
26953
8030
12582
13222
5089
8229
26960
482
10569
672
648
6672
23973
5381
5969
19709
132
14799
9542
10948
5073
21503
5030
23316
9264
22119
10842
22127
5578
24472
25579
8188
25589
1891
16814
2604
4055
8921
5467
15069
8664
15920
344
17979
19220
24360
20674
22368
18309
14941
19632
16999
2589
12372
4511
20353
20998
18384
13287
5558
35806
19245
3459
16956
22904
16567
3705
16002
8804
5158
5381
8428
25734
3359
12879
22166
17832
20902
6899
12390
20725
24331
15328
2083
25593
13733
20950
17929
8672
1034
11883
11928
23579
3144
23297
9585
10379
19932
27256
928
25006
21246
17056
11756
27405
13032
13876
2932
3215
15117
4149
6339
1980
26321
25714
4679
25404
13849
20123
9218
3295
18245
7020
4725
4155
15048
348
8967
24267
29320
9832
14817
963
1398
17685
24280
12819
24425
20343
869
11804
7603
3486
9968
747
4270
2631
10126
2946
14062
5656
9139
11725
22354
19868
24961
24772
19911
7627
12090
12549
19013
17467
18313
4155
16397
11450
4721
3841
14833
19355
496
14926
17238
10181
15704
2731
20227
4011
8321
19811
16119
20459
6001
18251
8309
21020
9472
6808
11379
19976
21597
13427
3833
17262
6184
13210
10603
13240
8042
18977
19778
4372
8627
10563
19324
4052
431
21684
2197
10620
3377
4435
16523
10311
9398
15555
250
5760
15250
12777
15294
16048
18249
19005
15478
8860
9975
10478
19307
14918
872
10029
5676
7017
6127
12165
9684
12632
10029
8506
20517
8922
7183
4973
16436
20624
6728
152
13353
19101
16142
21238
7109
805
1522
17953
20130
15436
5483
11680
2503
2410
3017
923
5692
10583
20524
18769
13387
14324
18170
20076
13217
5358
22347
26495
6334
12170
2528
16157
3962
5131
16640
12385
12089
21869
2757
21698
5614
1208
10214
4163
3107
10589
22450
3982
8136
20405
19374
15913
7135
884
10652
563
20054
5804
11973
16897
11031
23436
6068
3458
13602
17858
19862
5800
22198
17161
10579
8654
8265
9940
5469
19905
15329
18431
22355
11997
7753
4225
7057
18890
13990
9471
11046
14758
10729
12241
17500
8221
21140
18728
20341
3844
3848
5664
17107
12971
2569
12563
15425
10879
5404
6643
8824
20570
16716
3707
18588
7644
7535
16077
9507
8182
8031
12662
17254
3084
20258
17672
8179
20988
2149
3016
13644
21158
14955
11167
12514
18380
21290
21604
4039
13285
17468
2171
20846
22281
5008
16289
8806
20931
8581
12239
4244
11257
11520
13811
10682
12947
20217
13045
154
21882
11382
3094
20484
7496
5948
18402
19001
9969
4805
15046
20033
13204
13951
7841
11122
16889
11139
17295
22309
10210
235
20756
14970
20981
1046
1910
1618
569
15086
1187
16742
8825
13170
22353
14153
6877
14804
14366
15139
24977
12937
17558
17857
13845
13641
3446
23790
20417
3167
19566
27796
29111
1830
9284
20834
3690
1929
2643
23881
9870
5212
23447
25235
19258
12873
32590
14033
2793
2824
3106
19742
5836
13941
574
13726
22306
23032
26830
4528
6701
6942
18396
18571
25850
4717
10078
26713
6475
14965
7112
23052
17071
20561
2247
16352
5188
15228
27658
24917
29013
23947
17639
20088
41088
31765
3110
28295
9400
5142
14579
18821
10525
29173
2477
19413
16399
12229
28043
8892
9843
14638
6897
9805
7713
28027
9013
9061
26671
14493
6410
3582
13289
17934
17535
14275
775
2390
14270
7956
7603
5694
15855
6835
13613
9051
9653
2289
2665
7974
1735
18329
1959
5586
15654
10582
2796
11487
1067
16096
16065
6884
10970
18608
15044
2479
4804
1111
20861
9203
13841
17290
14344
2342
1186
16452
1647
16016
16511
3207
18093
15959
5646
9679
11400
18496
15395
3803
16999
2920
7561
2016
3643
22792
14944
558
15172
8083
13087
9172
9650
2911
1171
22725
15691
20347
20918
3174
9446
13736
10094
4086
16661
22717
50631
19187
5936
5116
9387
3950
23741
20678
23885
18467
9033
15405
5368
23624
10561
20114
10433
11989
17976
16208
7507
16253
8253
9684
20839
22472
15585
13959
1364
14697
14349
2421
1946
11828
22480
21076
3607
19007
12647
20357
10128
22858
8192
2954
23480
13166
6148
13871
12080
18750
13311
3112
7280
13542
13734
9317
11203
4487
1665
1330
20571
476
19651
1572
30881
17745
14244
21655
4490
3498
10626
16923
6814
167
15248
4414
16664
12967
18487
9880
21148
7108
21058
712
13304
22797
23282
5521
6075
14659
14907
14941
20033
4827
12444
4090
18239
13414
20014
12104
10011
2916
8340
16628
14663
15132
10777
12743
11929
5318
17939
8607
18901
15462
11483
11403
13863
17965
19506
5146
10471
8366
14545
7825
15590
9103
10260
4302
2265
3940
13518
14889
18785
15607
19947
878
1890
13331
20877
1503
7937
9787
14210
20627
8927
3461
3026
15677
7408
21226
21175
1694
20860
8620
20432
2226
151
15192
1060
8940
18200
14346
16733
3579
5668
20923
755
2631
8310
10897
6512
14727
1265
623
16670
11076
19464
6189
2428
10210
8735
2022
7277
17291
11662
717
15212
15551
18566
8493
18194
13548
12029
14838
16536
9928
437
16681
4885
12700
17862
11044
1041
20220
7315
7350
14441
4581
12719
20161
12538
7483
7575
20275
3538
2093
17708
11414
15399
16294
7247
12469
1361
9209
9558
2681
8124
14910
8568
11967
1902
7761
10926
4240
4871
3715
2216
7328
1809
10024
3226
6040
11334
6343
15623
15174
6378
7251
8353
12109
8168
11614
10021
9144
10422
5207
6232
4345
17704
13179
12344
18839
11366
14103
5792
17009
2257
16813
12817
3530
957
8992
20236
9256
18247
5667
2383
18185
12595
14665
14926
15737
15564
13514
13873
7547
4143
7872
26274
734
16637
328
15653
14927
18799
4979
29488
14995
12736
23003
17926
15129
9219
9555
17518
3762
6752
2990
8799
2485
22434
12894
18371
504
12067
12365
617
14712
9972
4746
13492
12832
3839
9261
22269
3876
19975
7274
16771
18531
21637
10091
9093
16891
2170
20315
21844
2091
11198
4849
10426
13534
3676
23340
25254
11122
869
13233
1882
5328
6383
17047
18787
25837
7024
19293
1898
146
8102
5487
193
1413
1135
9556
2759
11714
4814
1166
5446
17699
14317
2391
2297
4065
15631
8687
4460
15075
5615
6622
1424
499
215
4500
12899
4531
16591
9357
12903
12232
3143
9232
20233
16918
8532
17948
4257
17896
12148
3312
7563
18436
4892
13735
15090
19924
18577
9337
10081
17214
18285
21587
6034
14732
10245
5908
14454
4421
10671
10517
8763
7209
1590
20473
6613
5440
17414
7841
16933
21072
1940
17736
26043
21074
12579
43532
9850
9484
4648
7405
6338
20454
17775
12744
17786
9321
2345
6943
7693
862
7377
7754
15707
12021
3548
18130
1440
17059
6260
17835
20140
15894
2427
12516
7165
12295
15574
3103
15849
12126
10515
4865
18485
11332
2382
2987
11476
1950
15121
8495
17530
17530
8513
2833
4860
4590
13729
9828
9204
9383
8558
15594
9375
3213
3308
16193
12547
8258
16610
9267
14859
17324
1815
3466
19400
13384
17654
16867
6896
5004
2290
20715
17292
12200
3692
17893
15232
15566
1538
8114
4886
1388
1590
13374
2383
15043
4614
18663
9652
13943
15339
15281
8462
18898
20130
2146
14250
5329
16808
17017
15446
15009
6214
10710
817
8650
8287
17735
21474
1124
10273
4865
134
18180
22325
20519
11800
19298
2717
20381
8894
6148
17781
15884
4968
20284
2812
17936
289
21423
971
10328
11397
18720
9167
18281
12343
3720
12914
6730
42613
22274
25476
29165
87914
26629
6510
20239
2757
1423
2331
2467
1650
4943
13168
2015
19409
3017
17595
42702
14831
27997
20827
19236
22337
14437
7734
10939
17345
24288
15063
20815
24823
16599
7739
7602
20712
19817
9097
15799
13273
1105
9021
8264
2807
16735
7019
2733
18481
2515
10406
15335
13904
17068
11157
14811
13705
12873
15636
14253
3993
7684
8862
7364
20975
11418
17637
291
18850
13760
1168
16576
7061
17922
16153
9550
18985
20734
4457
10437
6197
3533
14780
19653
20569
13677
6003
1414
3467
8424
15870
26616
13171
19163
12703
4208
16356
9302
19943
18418
16172
15353
894
713
6888
14793
3407
21198
4013
4619
10645
10627
9136
20831
11882
12148
15801
5411
15521
4130
2767
621
6636
8503
11329
2042
4673
17863
13956
15800
5784
7984
14324
10105
16421
10708
15548
16955
14418
6824
12280
6409
10639
23756
5130
18101
331
22726
23798
3113
13788
22533
15574
17609
6139
17761
2774
32086
17395
11594
10894
15832
13428
16827
25172
15097
24575
24166
9830
12084
4122
7161
5761
4655
9301
12008
4019
13488
325
16839
3706
20642
4293
989
9905
13901
18241
5303
5847
14671
5828
4248
11994
19765
2524
20208
18475
19600
2801
8861
3907
19863
12168
799
8629
21122
8542
11466
2390
8032
16307
11581
5620
15364
2240
5574
1646
7899
2070
3475
16062
4839
28532
13686
4204
17538
20228
23083
10758
855
2761
2888
8596
13580
15296
1524
7610
19393
19116
16081
10093
8496
16884
3597
4073
1704
3755
1111
11945
2070
11226
28946
10778
1287
19480
21314
20813
1197
9462
9824
9201
8301
7144
18385
15307
8928
16301
9476
11366
1553
10357
8926
2821
8032
18562
11365
3615
15311
20028
18693
17958
9360
17753
2867
13452
3452
14257
19461
16149
166
8933
12865
1228
9199
9049
12044
420
10202
15719
15283
12671
19832
12185
14176
10097
11321
13995
4463
5515
7537
10043
9715
18079
14224
17797
322
6388
136
4095
17287
1341
11688
14243
15174
15116
6875
10816
14225
8717
849
842
2455
20197
1675
12762
10173
8920
19395
10847
2439
4092
1550
7658
11206
6248
14254
8683
9184
7752
15181
12442
14397
16909
9730
8441
13495
19909
10622
16292
8038
19206
9867
11703
12111
497
4090
3131
14147
14119
16975
20642
1029
18344
20214
5221
898
5152
21740
20780
12263
20724
8007
1579
18024
10662
4636
13941
9952
14290
14133
17442
21111
6843
11657
4238
15826
6329
6298
366
14946
10548
14623
12640
10585
7359
6233
14711
4904
19124
4841
3027
3469
11159
5188
1074
24943
14941
10548
1876
18251
2859
18304
7287
17897
3588
10736
8383
6491
4561
6892
11929
25246
38980
21189
14208
20441
19071
14717
10592
39504
17649
1030
22664
7243
14028
9794
19337
23797
2250
14777
17043
19858
2331
12698
16544
2705
6853
11224
12483
21539
8612
15724
16536
16518
2714
21447
10447
14550
1750
17781
23043
6426
1928
20269
4799
20445
17007
46368
6459
3763
4108
272
9341
3487
17277
82500
11013
10577
8440
1754
9311
16888
10261
13225
22391
1256
12282
2468
13948
588
11770
22002
869
12640
21286
24271
19265
5377
12051
4367
19474
9641
4322
13105
7741
1856
13138
12600
6330
14976
20055
17320
10711
5910
12295
10699
20198
19948
22804
10945
19771
13493
12155
10946
10209
734
16440
14967
1819
5045
9944
4073
20840
7597
17879
11225
3601
3416
20683
14227
20221
12643
3595
11439
1284
2080
5108
7728
6419
18631
11246
21617
20570
20758
4103
17146
8567
16964
14398
11509
7869
17878
4400
13569
20369
20424
17379
775
4908
12112
1268
14769
18425
11045
8105
13028
507
8096
16901
19032
5543
10521
19673
14403
12130
12510
15372
12662
13523
14275
17304
17563
5482
7360
5384
13790
12424
1093
22315
20936
3019
19541
2349
20699
16338
5252
4348
7223
2199
22909
8236
8885
21174
14160
2548
12973
9396
7114
7836
1305
20582
4790
1289
20238
7602
22162
16463
20500
18267
3880
15523
11898
6004
9077
20621
2189
13932
4548
11510
5304
8651
8280
704
12418
2327
17179
14078
12977
6944
18164
9030
3466
10266
11820
11407
8778
16835
3540
6142
18092
15397
3130
20090
18209
13113
13053
16460
18957
6085
14144
3250
11088
3002
5319
9321
2467
10510
9669
22104
15511
19137
20583
2129
9872
4535
20139
17830
4800
5664
19092
14575
10189
6041
7689
9818
3260
7217
7984
28512
19558
4397
11951
9540
9422
13025
15393
8856
9430
10436
5795
23420
19300
2040
606
4191
21276
17356
22547
14504
8685
4759
18681
17021
21462
23349
3201
20562
627
4431
16187
14636
19138
3370
16862
20798
13178
9625
20490
10435
13876
9060
1850
7915
11018
13692
13633
7374
9432
7091
11015
20798
8280
7803
15058
7299
15265
31317
18416
9938
7627
3891
7338
3870
12989
18292
9210
11394
5609
18404
15999
10098
13042
11304
18411
22216
11663
9173
9874
14844
16714
10703
19790
22025
21936
5146
24834
6036
15591
4044
6369
22272
1191
4673
20776
13485
13625
13891
1543
11767
8749
17038
9413
17217
3692
15106
22421
11574
3897
11182
11823
8141
13868
15872
7562
7684
4750
8851
10148
20509
3483
25967
5950
20025
17628
18093
2543
8584
7281
10378
15771
9575
9986
24318
11562
20445
13995
21484
3747
18206
19266
14015
10302
5496
2488
5926
2039
3737
9427
8286
21755
9474
1800
7330
19590
9325
9171
8345
3519
17975
7590
21998
11634
3939
19208
26116
10789
11355
17401
13536
11798
13934
19194
3488
8055
21314
17080
2308
10722
19402
9994
6457
10249
9595
20526
17742
17863
10756
3561
18721
13613
15091
18794
14461
18033
14457
15137
19066
12298
9385
826
10647
2596
7440
7231
17454
8995
2057
16075
4448
6839
9777
7969
11306
12139
6160
10983
21515
16051
18390
29874
13541
550
821
3698
6614
529
18966
8416
16880
9026
18079
9755
7496
12927
8635
6472
7850
14938
20795
8523
19339
9299
14473
6888
2993
8671
14322
5375
2489
2777
20042
4002
15260
10430
19025
7290
12339
7226
2352
1577
13954
14563
12731
7697
19676
16123
5944
14537
15977
2675
15100
5159
15825
41784
20394
8547
4025
11151
6703
16145
35456
5734
11585
773
12727
34771
22245
3018
4461
29352
31826
20791
3203
6534
5843
2845
21414
13651
27215
17197
5305
25174
1691
23941
4381
31070
27310
8277
25030
11289
12092
17410
15141
10503
14045
8451
14097
1053
15301
4596
4410
12652
17419
11927
22746
20789
2175
6729
12189
20708
4234
5590
18553
6493
14279
15499
1426
1765
17705
13154
10903
1542
16455
3845
4075
21205
1082
21759
12548
19997
18386
14590
16424
15594
9281
5304
18412
19575
13262
14238
20206
6762
19839
16039
12137
14372
13279
9008
17076
14467
12284
12532
6518
5366
3789
11325
19720
19362
22634
17085
15688
7515
11525
19150
7109
1471
6928
11318
20275
18955
13036
672
1578
9930
15585
618
8961
17194
12466
3953
11137
7364
12897
2313
733
20242
2748
22922
12841
4821
18602
20124
472
1227
15831
589
16662
15550
3444
7419
11235
14088
1847
24812
995
15328
24843
3408
8533
18123
18783
51162
26115
26014
9040
10709
11974
17484
21692
11675
5271
20314
15792
12234
21600
21961
1149
23971
21077
12121
236
17038
10867
13005
25439
18883
20599
12099
1140
7316
7722
4520
13189
2864
26458
24687
20909
2061
15305
19844
12066
9566
7321
14254
9173
31746
78046
363
26255
11651
8640
26335
6700
5335
25885
28124
25030
25316
7953
7281
4062
20240
6875
19976
16464
12523
12006
16862
26886
1979
25837
16355
19347
7146
24203
10261
12410
18494
15230
3440
11890
1303
17202
8900
26656
814
3430
5615
14211
2643
17447
15851
21617
25682
13186
20402
20989
19761
23082
18958
26270
24658
6610
9223
2644
21891
17433
25795
7710
9017
15647
23515
4308
25434
20274
11648
11997
19165
7047
466
15817
4861
26310
22637
8368
10001
18426
25692
17257
19449
3397
10286
36522
19184
51403
40193
19099
8642
23110
22958
9791
2127
21312
22283
9715
8634
12090
2873
14011
20692
12093
10754
27032
7933
6584
6134
23898
24737
19844
20616
7697
26439
3141
24495
129
11356
17677
20042
12126
19426
3355
19757
17767
3633
17478
2224
2841
23859
4115
14853
17720
14887
24253
7662
7988
23440
9340
1035
2984
6593
18575
17960
8669
5852
9039
729
33272
8003
28577
9491
33745
12728
13418
21147
16267
25784
10974
18468
6725
1804
7591
75058
18607
27530
17197
12610
13435
11242
32998
33994
11627
25168
18912
25417
20444
19242
37806
15885
15362
9466
20906
168
35513
30339
6688
7842
8110
5429
20199
19151
3027
551
5967
3419
13226
4614
29627
9602
23523
7828
9844
3858
16213
13575
23935
18927
10047
24360
7828
21577
11212
25533
398
25536
3247
13980
17044
1007
14585
17539
8785
22734
7721
10049
17099
4719
24572
7874
23808
21521
12604
11065
11882
10977
21171
15941
4658
17112
4728
8751
12569
6776
20599
11321
5686
6718
9709
497
15433
4187
16595
9873
23954
2597
4019
23128
1011
3236
19303
14278
13782
5243
1266
7866
20585
16435
11050
26030
3579
17907
21573
5147
22589
23465
3004
23785
21163
18230
14192
3649
2420
2225
8948
9145
18611
24000
22117
13218
22941
4776
15380
9562
17798
5282
9279
11015
25550
2536
2785
20512
9742
3102
1762
5817
5798
16047
23697
21269
1751
5649
15499
3686
9515
11274
16667
20380
21078
22320
12432
8574
1127
14237
4511
20991
8777
2359
7625
16819
8237
21781
9104
19788
10004
12282
17409
14259
15392
23091
20390
8770
4323
21740
7348
7134
19597
13577
17642
12539
10125
38929
1807
25776
30974
9852
1518
23438
15341
5196
19751
27594
5679
8142
15713
15275
22473
7494
17589
1591
20962
16417
19110
6727
21307
8008
19511
28735
13028
21585
23201
12718
3358
13955
8195
19529
10439
22704
21120
4996
19237
15801
16870
5577
21010
4408
22590
14900
18047
15724
20779
8060
11130
7143
1731
9851
23496
12591
2266
15118
8147
4561
13106
7129
20818
7946
14998
16267
2637
21259
10017
1198
371
21533
14066
20180
14398
18542
3240
1226
27258
589
2765
3481
22167
14155
19713
20703
10459
19638
11660
15868
22242
15020
14955
9139
7756
17703
2775
13561
19724
15370
11241
11278
12812
18199
17228
8174
541
23152
13774
9020
7854
3073
12035
11910
5148
18958
16755
220
15033
6314
13421
5707
9025
14367
18285
18811
2482
21244
15390
2536
1029
11643
3524
15597
10452
12686
18473
13606
5367
9410
5797
3322
639
7872
5269
7065
15085
12005
5800
19692
17891
18943
13359
18905
19310
11899
20630
19276
13867
4222
5879
2448
6233
23818
6612
20039
12317
17548
6235
9768
21056
5461
5707
133
20015
20931
20189
14762
10222
10104
3338
17649
13616
13344
18640
4137
2422
18675
1940
13029
9088
21010
13841
20284
19964
6633
11629
10361
11735
1985
17724
1975
1718
12224
10906
20922
12726
18169
15660
278
11629
3864
45068
100948
26381
15232
20601
15353
9478
14796
14792
23929
11329
3735
17514
9963
7426
11766
18789
10719
17591
1995
7996
26974
5557
17782
9802
9730
21465
8089
10605
13445
1278
17793
11272
3764
18541
9597
1552
4638
17188
8675
22485
11887
20575
772
12071
17804
5960
6691
13394
16447
18303
17536
1461
10250
17467
19639
13457
6223
11594
25715
20283
3979
13099
15505
1723
211
14374
19778
9096
314
313
14571
15152
1701
9278
13541
5102
20907
9925
12827
3039
9571
14546
4307
2383
19971
12911
15190
9138
17107
14193
5179
13416
1474
12060
1878
238
4087
6846
19554
17441
18835
14718
11359
7081
877
14372
9117
16979
6216
7703
16048
4555
14610
11753
16247
21364
4551
9177
2814
13882
9010
403
2907
15086
257
300
19776
2442
13667
20244
33073
25608
6168
4292
8963
7741
19239
10278
13026
5171
1418
141
1545
11692
12730
27700
9754
1579
13980
21757
40044
14336
26451
11435
4425
1245
14472
30550
6777
35425
3570
24708
15650
12968
14320
2315
14100
6346
22824
15136
1343
23096
19129
2627
10630
16754
1509
9952
13149
13533
23044
4358
2952
8928
22578
16051
19419
13023
10027
16943
20552
14255
1303
14428
4760
4465
895
12790
6058
17841
8887
17647
15609
1517
8698
19035
17381
19259
1553
1895
20300
8336
19811
3047
20925
17510
2685
8898
7797
15771
4658
2413
10880
10473
3308
8808
12086
10544
6028
12579
17774
10148
11739
1277
4904
18544
2190
6888
11514
890
7359
9995
9779
13543
7821
5160
19469
7781
26644
16456
6018
16969
291
11727
6333
11630
3960
1214
6850
15318
20004
21031
17821
19152
20594
18382
13402
4524
2607
15013
11700
1668
14753
16242
4732
1943
3381
11207
6378
15989
12720
9816
22026
6686
1641
18792
19797
17340
12943
2573
11372
17950
19455
21398
14167
16333
17792
9731
17359
12221
12557
13684
18670
3974
8537
6100
3347
18535
12931
20493
655
8011
13816
9732
3704
28358
13561
10275
7981
5066
6610
18166
13234
6933
8360
3589
16025
6710
14980
11080
20115
898
1327
7473
6164
5080
8978
18669
13739
9847
991
16999
9109
18927
3650
16653
14506
4226
19553
3947
18558
17178
13885
4099
21166
3257
9255
18260
18785
17505
5354
12077
7280
15511
18772
14782
20588
1823
9679
11568
1478
20771
11798
2306
20114
11128
1726
13839
17461
8277
15540
23049
1745
18949
13834
13411
42199
21090
20024
29125
4619
4871
21417
16287
18337
6881
10236
19391
24540
3546
8711
1333
24198
24020
14787
25288
8529
9379
22336
6575
1368
18012
5538
22675
20686
19975
12121
17561
8951
11699
12427
5280
9851
3755
22243
11843
4381
22614
5183
8956
13707
12146
19578
9427
4194
14930
28064
10237
6519
22284
7703
5761
10685
15200
6126
21519
5312
18017
15734
15524
1761
7261
20933
1685
18422
5284
16859
12058
2949
19878
350
1611
16531
21732
9007
3864
23289
1376
4583
22318
3194
19929
3825
23313
17625
5787
11971
328
20535
13458
5161
12260
10558
15558
3024
10816
7809
14585
14101
13959
2122
7712
1552
15651
17907
14105
1360
2024
3649
49281
37879
25902
8659
21589
12478
16610
12271
17059
10196
13534
5685
9858
6968
8822
19594
8305
20601
9913
12730
10453
8635
17332
12059
2961
15797
13712
13592
10636
19139
19352
3100
1139
14714
4443
17999
16283
5228
9175
21705
15156
21289
6817
19840
3448
21358
21594
11584
9049
5019
20535
2343
8877
14743
5449
9289
472
11690
15918
948
9489
15152
17050
14929
16627
9034
22233
5092
21138
7146
1359
11194
16978
14813
22943
24509
5858
17531
17683
4172
29230
7853
57443
24807
16674
4740
19736
6494
19565
18351
13907
1882
15643
1374
10700
3426
19199
18112
1171
20255
16765
4574
24479
11589
11350
25009
5005
4975
4735
7414
8636
17920
11420
15371
1093
18954
14664
11439
19836
1712
16868
20646
9099
15945
17899
17030
7620
6421
6926
2453
6074
10739
9190
8322
16040
2785
10491
16954
14879
17814
18760
4385
12366
6956
13852
16136
12606
6822
17882
16904
2326
14508
10443
8678
3800
19948
12514
15216
3523
9670
15747
5087
14029
4146
20951
9341
17130
20865
5093
16929
7037
773
19774
986
21566
14416
15121
2428
345
21487
11581
3289
15447
2117
15174
10542
4099
10211
4178
18714
19656
3526
18277
19543
16251
4204
4557
9242
366
10727
20357
7344
4750
691
2520
21355
1815
12552
9786
11240
8689
4261
20836
16182
7191
5307
10507
27447
16595
5591
4214
4639
726
4531
9387
7220
9945
4999
3889
6141
13811
14061
16663
14103
13934
7231
20879
18561
13442
12301
21570
785
5473
8021
18441
18081
24831
24355
17864
2879
13982
904
13068
24266
20785
20977
21665
19047
4746
5052
14480
477
52536
6568
12871
17696
16716
8913
718
2722
6691
2968
1894
14607
1284
14521
18405
14506
2536
12185
13641
8652
21071
12291
16758
14030
12794
10717
394
12364
9875
18859
13427
2378
8604
15340
9547
10311
10884
4281
3496
15765
1293
17141
12844
16423
17578
4683
2083
20176
3754
11575
10625
13504
207
1115
18721
3232
5561
15571
18264
2794
5446
5178
20030
5544
15980
13163
20062
5296
19136
7808
10656
12865
5852
4453
14758
11423
9967
10621
2670
18947
14634
8888
20299
1888
11886
457
8913
21697
19456
20114
14716
12796
8460
8418
465
5002
17976
9241
19460
20726
20758
14820
4228
2065
5953
12888
5415
16836
15337
9822
566
19094
8295
15640
16530
21064
9483
20408
5660
22866
27190
18646
20963
20868
18552
23922
25529
3656
763
2612
9789
21521
26012
16537
21652
11773
16149
11679
2423
10417
17738
16758
23087
3802
18480
8857
13502
12301
22749
18387
17133
4786
13869
17330
5010
6145
3874
2080
23855
3572
13661
19354
10995
7324
22995
7374
15709
12706
15385
17701
696
489
17365
11158
984
4300
831
11126
22539
14582
15367
31132
6074
2225
1737
891
19737
9090
778
5984
5613
3653
10434
17560
4758
17885
13968
12719
3093
11223
1883
21379
2067
4866
16321
10319
20560
6302
4574
11279
6218
14732
8872
21363
6777
7597
25201
23416
1101
21521
13867
10223
24157
15282
15090
17426
963
8404
20737
7585
18142
9420
11710
11879
2798
13298
20218
22194
7663
11391
5934
14165
11867
19258
2829
728
2031
13617
15731
14239
17702
3315
18995
5044
13542
14482
2127
6586
20483
2961
15904
18377
10251
5903
21067
8183
5469
21670
14654
15916
20509
10648
4483
27412
5670
14261
8222
2664
6310
4160
9921
3246
8598
3813
485
12865
10686
18359
5088
18468
13032
21460
11410
9521
18462
523
17953
16833
5055
21007
13751
22610
16958
15752
14179
18138
889
11463
19150
3909
6163
880
8418
457
5844
8932
12096
404
17961
2555
6397
5880
4827
6174
13405
16332
26745
14020
33476
21783
28810
15133
13110
6005
13626
1673
2317
20195
16451
13404
6863
12792
11247
3428
8301
14025
26119
4944
8996
13039
7387
25674
24075
7517
14212
8030
21514
22149
11524
1957
1509
5595
10646
8670
11087
21659
9855
8817
5530
13174
14340
22328
19738
9517
31337
20886
1155
16672
14279
16054
9809
18440
15404
15788
9560
8906
12088
5729
10906
18933
7596
3455
4770
15014
3009
7175
17225
4329
8316
24579
7919
6054
5752
16368
22408
20355
3693
9930
828
21400
8669
14562
13690
1973
17952
21485
11757
20383
6890
10668
23144
3693
14912
9560
10139
17935
11011
895
16132
20052
14516
12774
4471
11683
15362
18351
1211
10124
2270
9234
8899
16547
2621
12453
21225
7877
13874
17944
11468
15766
15530
20414
19441
17387
3297
4097
15046
13308
34493
27766
9772
15333
3548
10022
5083
23404
3035
2206
26368
2780
13317
1889
4057
2547
26255
22816
1450
13804
7146
2867
33579
9345
10351
8662
13645
8411
23219
14025
30340
3770
16804
4481
682
18888
12637
11003
8971
19865
10335
20580
1209
2085
22634
133
18803
8112
19628
15810
2902
19423
15533
23714
21483
14773
18094
14142
12569
12280
9980
8643
13899
15408
18342
12885
5494
5377
1103
17348
16572
9586
21438
3890
8391
11672
2972
18283
17881
14217
17878
5986
21404
2666
17068
7216
1469
1179
20596
1424
15201
23283
22728
5338
11444
13253
1566
1365
407
19667
16100
16957
4286
21248
3031
12661
6378
4144
10024
1222
13136
14412
21834
10237
18372
8057
15694
12888
9351
19126
15071
2867
12077
8065
1195
18883
22111
16500
8441
4012
19093
9530
23666
18008
12339
17733
5694
10349
24307
17001
8620
16945
1625
11921
12505
9224
8874
17697
1528
4806
4552
6072
18465
19564
3786
11124
8789
1722
20438
1498
17419
14433
1212
18516
16273
38624
633
7575
27937
20332
7352
21710
9611
18367
18184
18096
26444
22239
19761
26540
6263
4392
17029
17089
23200
7377
14812
25306
25456
1180
19471
8805
23638
1532
18580
18297
9047
7790
12093
7461
24868
3308
11805
24669
16731
18741
8966
9792
10515
19503
4112
18420
19770
6804
22242
548
23918
17924
1242
19482
4610
12165
9725
355
7593
5176
18593
13142
19736
10893
8254
28706
20214
20382
23588
6363
2768
10398
8312
7286
23332
12171
15500
12773
10656
7618
20983
285
12543
17470
15198
3078
3819
7580
12659
11695
23187
5492
5596
35590
18691
14396
25311
5774
21751
5143
28748
18000
21150
24185
40274
18447
10389
13497
13769
20315
16812
7479
14056
23615
9719
17925
1590
13512
1830
11784
24492
18625
10674
92
1481
23100
4389
17897
25431
23466
20706
7674
22838
3893
16176
12390
14339
15493
2847
1434
16493
12057
14277
14628
14483
393
3574
18654
8503
14756
19528
22062
9296
5384
21341
14010
14453
15910
11805
23256
6275
2767
1670
9787
15186
14130
6964
15961
8041
6516
16937
5529
6561
18390
21384
10659
11857
10198
20588
9925
9565
9986
11813
22378
11453
14114
11362
801
12110
12515
6908
2278
19145
14609
11397
10802
16064
7867
16487
15911
23344
14196
1471
10493
6009
22500
10859
23020
9598
15671
21334
18145
11300
1268
19392
21756
15045
11245
14081
13497
382
7235
11319
9087
4351
16308
17894
21316
19400
7062
1771
11808
20074
17429
17611
3585
20004
15633
5078
7999
14001
4264
17415
19630
16708
11394
17798
6119
12433
1410
872
6798
17490
6091
21166
901
3651
10682
10963
6835
7914
9139
11078
11025
13045
16055
19432
19351
10670
6237
19518
3035
15299
14065
5306
5153
13560
3481
1943
9463
16586
9234
22746
7562
9348
26383
18356
17259
714
2808
11249
1478
3170
19940
16816
8480
13778
7273
9801
20467
5343
5184
20142
6788
1313
586
10317
17229
8121
21033
17787
10938
8223
22343
2688
4172
23575
5259
12738
20804
22201
15816
13104
16522
4031
22921
9954
4396
19305
13790
3114
19772
21762
7558
783
20571
17646
2351
20783
5010
3580
13604
4150
95
18166
4725
16410
20408
8372
18584
5610
19885
5867
8484
12602
12436
11371
10064
13098
21578
8509
16007
9018
6916
9037
16316
6796
5306
9814
16724
15645
19847
21359
653
6106
5374
22313
4745
7090
7630
11141
23557
4805
19002
15006
22574
11581
1157
23613
20275
9554
4217
8289
12924
15518
10780
11446
19066
24391
4982
16853
9345
1510
17207
14474
12259
17434
17317
3529
23674
8333
21381
10193
6693
3767
1348
2385
23427
43533
6885
11349
23187
41959
16651
16413
3019
20844
20894
21790
22178
1973
25099
6477
10253
25605
4518
3829
10604
8837
8005
9680
27361
27316
14256
6894
18586
9339
18112
25613
12385
3926
6901
13036
15198
29102
3559
8319
12966
15209
19839
3677
25514
8379
15722
25475
16916
7202
8076
22199
14912
13167
14156
15519
31339
15380
23980
5481
18050
18077
5394
13992
23290
2463
8248
15455
10469
2145
16372
27882
10749
8784
25199
41204
50173
35810
27386
13083
27947
9606
25498
10824
12382
6229
22999
28397
17993
27505
14614
9983
25680
13148
942
12880
13634
9203
18714
23697
23666
7823
344
5524
14759
22592
10765
7592
10109
707
8949
20278
9691
12041
5833
9622
8667
10981
1741
7218
2347
2094
1923
2232
14481
7027
23779
22224
22302
4206
8365
94
22153
12716
21039
16033
23138
18123
11606
14798
15981
20105
9231
10698
6520
8520
8277
7111
18386
9028
14213
15896
12026
870
11308
3962
8218
94
4993
13395
13027
14109
13194
5427
17130
2081
4611
18895
16079
6854
10237
19043
1895
19116
2640
13989
16219
3082
5013
12199
15965
6451
1103
18170
5541
38048
23308
126871
64593
33133
30993
32180
3926
33026
8299
27516
28920
33937
24716
11496
15112
852
24662
23431
23930
2552
8916
6344
8619
6635
2311
15302
23674
16979
16249
12640
19343
5374
20555
13315
3059
9848
2431
21957
11458
11843
17629
13275
9984
20652
6534
8798
14384
5135
12279
14617
6484
8422
8694
15862
9779
3486
8008
20922
8416
3049
5113
194
9152
15554
4978
5939
10699
17533
14274
6217
18132
1999
628
4625
26453
6965
1361
20960
17150
13454
5205
18586
21487
7654
11779
22677
15241
13611
5359
23186
32403
22620
22074
3574
14182
6561
19315
19192
12311
17706
7035
12891
18881
19914
14596
17462
29118
45987
35932
26093
9276
44500
2367
17851
6039
7196
186121
97714
57549
17817
390711
109332
129430
10019
12279
494311
103689
127425
59480
14962
2524529
62348
271265
48943
10124
56899
33492
19078
182900
83706
36277
69700
21499
20975
35190
20513
17212
21329
28729
33076
25167
631413
27419
20282
24663
16966
25462
7239
15956
14725
4121
695
2003
121927
4801
6453
18594
8058
20551
28885
260
28025
27062
27095
18909
7753
24925
11675
22291
30221
20377
19381
27977
29902
28080
25337
13795
31112
17912
5882
15168
19145
20668
7011
5663
2282
28551
32028
21231
34018
4859
36021
12722
20931
6464
19517
32159
32863
16343
33440
29859
43797
4311
8740
21016
13547
26954
446
30501
17155
17370
28206
24505
21974
14142
1099
21837
13292
3844
8373
21738
36130
14373
21730
30803
486857
47601
6360
10283
29409
426
35900
18309
24446
24462
13101
26018
30762
14115
139190
20072
7043
20207
10785
27029
47826
22393
23188
14702
29012
8175
32398
33129
33569
3023
11980
10670
18355
25329
4692
21160
1124
15235
19261
6788
16466
24108
11346
31945
115513
25753
16359
26310
3702
7472
70681
22006
29262
25539
23505
9691
14755
5093
27423
28107
10373
5208
24265
14568
26974
19837
23200
13695
12181
29494
20936
11686
21865
15141
2826
2607
2796
60263
10539
10977
5984
39467
6344
28745
48101
20135
12392
25662
38531
29113
5722
1682
24760
6847
13088
21397
10681
7491
21594
17249
18469
22209
11002
22314
24708
1511546
5807
25734
28243
143970
1217
26709
587376
8942
19341
5900
1999
443
25760
18127
11431
17370
22860
11579
15310
34071
124
15390
30601
31526
28539
10889
4376
24570
26039
7634
24605
31415
19302
30423
12919
11768
8054
5076
19003
4029
21686
18951
29053
29501
27635
4538
7995
6837
16456
8110
502
23246
9479
25461
12217
2739
24316
12183
10807
20187
1629
10009
29296
25369
10682
10178
22624
32133
28599
32396
3620
3084
3755
26527
63271
48107
19136
783
9581
6335
32204
34920
27722
30293
5132
17280
32052
211
23950
11799
35982
31567
30038
24060
37762
36335
44423
33379
24421
14952
25919
15021
4697
366
23384
15234
4896
8019
1296
6886
14349
48052
21901
23613
11605
25872
4971
7710
47282
50182
26352
6561
11667
34826
28380
29253
35089
33188
10521
4191
24545
35283
23535
27415
23056
3497
30066
27387
3137
10885
1468
13362
8740
5712
1906
25211
10849
40241
13734
4456
16504
5112
28091
25422
23018
17209
5286
1512
11229
4423
34899
34159
3542
15982
33703
9958
10074
25713
26739
6328
25540
2695
963
39849
44694
24127
62803
9889
38003
3944
1817
78928
21348
22490
15128
36142
30162
26224
8116
14176
9956
539
16928
15547
21040
28174
24776
7071
25335
34673
15025
33888
15777
30123
30867
20163
12901
1650
31609
27282
2356
7837
6069
12426
23872
9263
23350
23315
3166
17051
1715
23043
4413
25268
17622
3656
2722
13403
13768
31456
28428
25258
18925
2542
26475
24510
12498
7292
15411
54750
48935
33217
29837
31927
30737
22263
21401
13594
27926
23150
18111
27857
9212
6955
11386
7739
3699
7750
3329
49435
30654
44440
17708
91594
6469
86904
29751
15724
77832
46944
39093
13263
60766
3034
109996
42469
72475
57994
17112
14090
6834
44362
46433
60716
41275
32996
70727
19129
47148
23054
39816
68658
5590
124562
103961
250241
63823
10573
12466
9813
13504
4798
6428
7368
16940
25083
30087
11162
33781
14430
2947
11012
26998
13838
35175
23913
13978
5631
1098
22330
27801
15851
4593
27154
20443
7585
119
33731
13347
6766
306
17391
6736
22024
12322
14607
9652
16519
17534
6096
17894
28705
20061
18661
7234
21612
6146
17704
12709
29134
12530
20120
6731
26937
29678
15514
30037
29778
7589
6766
8736
25380
1474
23972
7565
3157
7709
25198
27606
3271
3539
14933
14173
7000
17616
1754
16157
14621
10001
8295
3963
14717
1465
27073
25174
151
23903
15217
7124
26094
12432
10317
11029
10392
14991
1175
16955
20514
23272
23369
3063
16870
2058
4832
703
8557
18181
14931
3663
27620
307
23298
8215
4140
1649
25181
22266
13340
18207
16315
17012
7346
5553
26156
20530
13106
19637
1988
21187
22258
8614
10495
17142
2170
13788
4326
7864
19827
14307
15026
37105
28188
22929
4555
15501
28887
8096
26442
128787
82098
81670
63617
3695
208008
27807
36004
54724
57414
310627
267743
206999
298128
30406
16992
15521
16380
26302
7929
26553
11367
19254
56693
7008
24723
12297
24389
3901
6361
11776
2429
3236
24415
1561
2589
27993
24271
22623
3512
6686
27938
29781
1215
28831
1590
9697
28990
861
58370
27557
7276
7907
28804
12949
31669
1528
23349
10551
34785
10643
27615
41866
194
28268
549
9060
10609
33309
7913
42191
37917
4664
48370
19818
23677
31077
4166
21287
27174
6736
24531
3562
10846
14662
11265
30555
16792
11021
22373
29861
12313
4914
8956
12992
12248
20209
15788
13180
37883
8331
4934
18237
14910
1574
14983
25915
4515
20149
1542
18669
20563
2315
27006
12440
12319
8737
22930
12408
3329
10878
3564
11477
18397
373
6899
13311
14356
10072
5742
4102
3625
1057
13040
30402
2298
17852
17358
18027
9885
3880
2532
8126
1713
3355
28109
26011
27779
7509
22998
20287
25972
12635
18498
50159
38148
11784
7810
19787
8633
15353
13160
15396
10750
26608
13224
4522
4198
3226
21614
2366
14946
11802
4919
15375
21353
1746
17369
12545
5832
5515
13284
16603
8577
7718
15880
12652
11792
9164
23481
878
23020
22583
22367
41014
62140
2152
28594
25906
7020
19284
32151
12468
26682
24329
19604
586
29153
21471
24409
4010
16749
14972
16249
4682
10926
14749
1986
11552
34735
14369
14139
1850
17903
8640
4962
17405
1785
4054
7934
19530
13305
24585
9754
755
3962
16249
25030
18736
22990
1127
4080
11294
14204
2964
15818
7624
17874
78977
17750
5491
5049
12900
5256
6042
9092
24215
2112
13964
13339
24060
14232
35715
45031
396
2150
4160
17371
15985
11990
4309
100
15941
13039
1369
1662
107
11317
4098
10706
19475
15965
2016
267
23851
18278
1352
7771
994
4895
15082
9180
4433
6757
16299
20410
15118
12378
15433
3793
29514
15057
2308
13798
19393
28838
24273
2167
9694
16314
24040
16471
25062
15229
695
17521
17832
5883
10484
580
12831
3165
21510
18036
15301
21006
16118
20377
12900
9901
16975
1337
4509
800
17692
37396
20732
3639
8452
8953
19382
14565
8608
5037
13929
31645
12089
5330
5909
14898
4132
21966
16455
15996
20097
13138
9076
14564
12574
6311
6846
647
21687
5782
1700
11931
11372
18576
3845
504
568
6219
3434
20903
2833
9411
13173
8785
19993
4034
6596
18584
5909
1624
14877
8218
8841
10148
6331
6603
10834
13579
2359
186
2300
20240
6292
15941
9030
5884
16683
20555
7618
7485
14906
16852
9979
16999
17652
17005
1333
21613
6824
4283
22090
21653
14873
13369
3030
20452
1561
12051
12257
2067
8342
15661
4136
8004
19320
5124
21451
7413
19761
18309
20388
12885
671
856
16513
16289
7285
292
13761
1924
3124
21613
4598
7660
13745
20259
6357
1806
18410
20605
19820
18254
596
6697
7024
15689
17851
10346
4192
5594
4803
5209
7528
18889
10185
3324
4677
10682
6296
21167
8444
297
4643
18856
2526
137
17152
9403
6069
9349
13681
6438
18823
20078
1618
21523
10885
2147
17800
20568
7275
9229
6138
17476
16538
6175
16549
11121
11702
3441
12649
19366
14600
20783
3827
20884
4391
16802
2002
32517
19687
9158
11246
45130
15661
4414
22940
21953
7257
33788
1907
10259
15842
24311
10838
386
6478
10758
249
25178
7541
3882
26745
8483
14051
4859
16142
19797
9393
20972
6390
11540
11751
10194
3974
665
12863
24730
12673
7072
7618
9366
16583
7229
16446
12272
1728
13976
24956
4445
16648
21986
15316
3577
6169
7462
1605
113
21411
16528
4780
7354
5256
12083
17872
19821
8696
889
3045
7138
20229
20327
16356
11380
8222
14590
18214
4374
20124
22486
15242
17051
11411
20035
12903
15248
15758
747
5014
19387
10078
1362
4520
454
15029
22180
12889
8261
12681
4483
16201
22194
16125
7166
19999
9678
4032
17574
12900
6578
13714
11464
17364
1821
270
12887
18312
16412
18012
19371
20886
9224
20088
10565
17996
20214
19770
19923
2622
13715
2597
31732
14978
36736
14862
3798
12360
24720
23489
8696
1729
2575
13424
23232
22691
6107
20115
19103
18725
16417
13317
13221
11041
11710
9195
1478
10714
13985
3225
2980
17697
13601
9320
17341
6071
17979
6548
8900
2853
19300
3480
18545
6745
18631
21103
17082
27174
12052
9570
10126
14117
12791
2382
17592
3071
19070
24616
611
3451
17279
11274
14470
14461
1153
23540
532
18272
13896
12758
2322
5652
15695
4587
3300
12285
23016
28588
14678
26134
22159
9733
364
18564
1528
32996
6994
6612
19450
12686
4338
3247
11165
17606
5430
47864
18130
17118
119024
4593
18957
12824
43551
7661
2492
11693
42364
19817
23705
23752
20937
16739
35042
47834
10640
57779
4134
18610
1503
11048
13396
18436
78228
15892
19356
19271
754
11605
5086
11119
28175
1431
23728
20051
11673
27543
20575
10163
9234
34245
7740
22734
28934
24107
17887
5989
4841
14201
11566
23822
3151
23425
10381
83
15852
19604
23766
7578
6465
17895
9074
1670
1003
16190
24676
24657
15422
11384
2630
19110
10893
13778
10736
2437
11488
3291
10954
11546
13034
12052
21529
6523
12491
9388
20013
5544
9782
19550
3076
220
7635
10432
15504
1831
12182
14888
21738
22207
6097
6050
6160
21689
3156
8772
2587
16338
19502
7949
8864
18475
6542
5328
13478
18035
9763
13787
15445
4756
23133
12519
12401
18077
14943
11227
9269
19006
44089
21408
26661
10925
7292
23450
17576
20167
6755
14509
21443
14880
3743
3338
21911
14164
23352
21550
11240
5838
4481
5941
18374
3442
13477
13766
6597
6173
28080
8666
12672
6534
1150
14395
8577
7412
16289
965
17397
11412
142
3154
11559
10209
10407
22084
8099
6343
19449
13125
9025
1601
16667
19330
9661
10972
2368
17836
19049
17316
16584
629
15820
5437
18059
16762
20672
35193
8176
700
9905
3783
31648
15777
8578
904
21719
9921
15402
7919
13154
25987
7655
4032
3939
22602
8674
17043
22381
19439
4783
14815
19121
14014
6828
8008
13543
4740
9049
17228
2641
5375
1312
10330
2336
1895
7436
19316
14777
4636
5799
20199
7520
19774
17277
20466
18031
17290
8943
10433
18189
20858
11753
5927
18507
15781
11187
13614
8123
11793
8453
5542
18436
2527
25001
23990
6524
20758
9785
5210
7169
11285
23909
8669
11688
23386
24050
17280
11665
3327
9763
20211
15301
14930
23708
11723
17942
11794
10411
9326
46124
21415
21849
8900
9181
9680
25972
26430
23223
12830
6142
14711
13448
2255
11847
19546
12837
6830
7296
5260
8864
7434
12053
12007
19778
16563
12165
6425
3391
31873
34489
20399
21586
3988
8341
153
18381
5504
1974
12105
24416
24426
24782
1975
9993
18586
18358
9410
6753
1369
15535
8974
12025
9367
5771
21080
8101
16188
10946
1816
15191
10686
15056
7865
1326
2524
43496
13842
4431
21923
6826
10633
3789
22624
22852
21053
4257
5804
11200
20900
6650
6296
20874
1756
12456
17638
2889
6268
4796
1694
20729
16083
15237
4419
8078
15728
11228
7221
19531
1457
21396
13144
17268
16522
11565
5178
6849
22028
15003
19013
20459
10703
11933
13343
2263
14657
9645
17886
6279
7800
2291
9897
3608
6404
6161
9611
15067
1892
18776
15060
6696
16159
17203
5640
4274
24717
35373
45863
31865
10799
21491
21566
20877
18041
16977
4962
1095
23240
2851
15963
26338
15984
21670
3639
2111
1387
18320
10962
17983
4572
32891
21939
18215
1787
8704
10145
7863
11821
22219
715
8359
2302
12086
16119
2360
11787
3544
2245
212
416
4662
20732
13676
8381
16419
11065
8378
2754
18558
2784
7396
26342
17140
17520
10959
10337
3000
17326
9324
18813
14922
74499
14627
19418
13160
55004
26561
31224
17106
11747
6413
31994
85951
34825
37757
30290
7236
20329
9707
27451
12091
1533
29220
23803
35137
27355
34005
23401
35432
3904
2513
9511
24149
30997
27120
27362
23146
36284
6634
11595
22560
4468
2365
8684
17235
55864
23026
11247
2377
13850
31708
23906
18740
8372
10480
64143
14658
25757
29374
9236
21000
25165
14262
1329
3928
31629
28927
29705
24594
15371
27596
13979
3438
15258
3299
11454
10523
17994
11436
1559
27276
7981
14021
4188
25639
23763
29639
27174
15985
8822
12209
27274
5657
1089
15355
38493
1582
29621
9660
25263
11210
8272
32143
21356
42154
18963
9070
14456
22801
29453
6504
11317
23877
15506
21693
11426
5349
45115
16563
23909
7892
25839
20345
32236
26590
14070
33916
7510
812
39566
20038
32933
3670
32949
19813
11957
24499
5109
33531
4755
14004
8149
20315
14481
13367
28111
1171
29186
6966
1117
16147
7538
21843
7092
21046
12016
18149
1094
17348
2049
2117
26527
7477
7200
5271
21365
9229
16778
15782
16400
3865
20294
23761
12448
21262
14937
2895
4854
10101
12365
16926
6365
14484
24510
12072
19892
406
21859
11950
17099
18251
25822
1389
15148
12841
25152
12921
552
5359
214
15022
9258
4690
12782
21276
23993
23509
9760
18063
9890
7276
2665
5974
15802
9646
22141
23710
14121
10696
11392
16399
17939
13093
15073
9117
18817
16508
21173
21317
19743
1138
20883
558
18134
6058
19887
22080
9369
15081
14466
12320
19195
13950
13468
6302
21250
759
5156
13524
21532
3259
4391
8758
16436
4537
15266
274
14678
16774
2536
1634
22064
22122
1092
9288
18726
15690
437
15459
18115
22137
16750
6623
22784
11902
4100
540
14068
25537
36573
15849
1660
56364
7205
14034
197627
12301
7648
1524
19810
45583
3906
11294
1583
6255
17377
8833
27062
5979
18853
8860
13647
21679
53285
3570
10072
11440
14315
12606
13476
15672
20410
5420
21732
22571
7157
26188
7254
8069
12526
5866
10673
9180
9602
6605
17516
4082
26822
18413
4595
19820
32585
19822
17717
22642
1875
9501
11726
19562
17577
21060
17499
17493
16909
11117
7089
20448
8086
17298
3510
7320
9046
4363
20108
12400
6849
23077
11605
91305
74883
24863
79762
36248
17207
52557
14361
45999
3998
46586
15613
191584
59077
42345
37597
38319
35792
44985
10212
16502
3880
39704
14658
23535
24727
18906
22172
11838
29158
6824
17163
9333
11560
4214
14821
11032
930
14841
11552
244
1595
8980
20442
12786
16623
19548
29524
10741
9266
9848
22905
24973
14591
5271
16298
12762
18879
22910
10800
20199
20434
10343
10309
3287
23884
10505
9598
4633
17679
11363
14517
16632
15412
8406
6540
6121
10291
10825
1927
1090
1902
17439
17015
11615
18335
64
6432
4999
7200
8129
1379
17586
13905
7717
3001
9540
15851
13924
5469
12583
15832
17474
1252
18556
18676
11341
16849
20854
1561
15912
4617
10239
129
9599
1303
5766
6807
12905
11443
7806
15961
7515
17626
13069
5167
18731
14234
9669
7648
3774
15292
7107
2663
10706
17820
5500
7762
5342
15427
8696
6183
16609
7427
17064
569
22660
47861
19316
5546
14733
6844
24594
25950
19905
5227
17132
1188
14604
22512
18138
843
2152
21982
21065
19210
11053
13406
9793
16248
32805
18248
4253
12287
2667
19538
17202
16836
17384
115036
1469
9087
17673
10742
17023
26713
8964
11407
19111
17393
19061
3581
17035
9393
12212
13015
13695
2227
5855
18829
9063
11129
4021
12143
19035
5655
11980
3160
1385
19762
11985
21528
20535
4141
5655
7798
5354
6002
11240
20196
23001
2818
984
9647
25661
14395
21009
5184
6490
7843
25439
15759
4409
4661
31203
9626
4468
20491
29825
4187
16937
15892
26338
1842
15101
19522
10502
3083
1524
20614
3304
8911
16830
4501
16260
21051
11138
12352
13988
8882
17103
10895
4829
9182
19284
2749
20039
6653
1509
10486
856
7852
10382
7803
8034
4624
18116
14349
16686
167
17104
18241
16255
10730
135
3153
10909
1202
10838
7527
8137
4806
10466
6851
15740
15612
9258
19985
1051
3575
3645
13977
17619
10148
8623
405
12522
3891
20038
9301
15648
21126
6772
18571
5570
18192
15705
15192
22609
2405
9932
1257
22289
514
21722
11442
7334
10695
12942
19295
12556
20219
22447
16263
16232
16203
14454
4338
3141
9321
17260
24310
6801
175
8190
3878
20714
1581
15259
4971
2690
22420
22656
20550
9131
15317
16962
8678
8113
23283
34808
20953
5008
8682
15573
24880
19782
6496
22297
841
7171
12152
25216
9008
8772
14453
5876
6528
789
8978
11663
11812
14136
3821
23211
10342
15298
17058
17558
14733
14945
5529
22300
17395
23116
6157
6525
3596
18846
11256
12161
29158
2794
16806
19656
9774
3540
5565
22181
15584
15221
3397
20456
10079
11383
10985
17617
19389
16455
13095
13321
14805
1378
12626
2227
8234
17181
10966
19650
15416
4891
18807
3877
18805
35197
9449
31454
44414
28252
486
72991
8764
17149
6470
18316
10816
22963
8712
6911
18781
6704
13069
9714
24341
89356
25650
172
20931
23578
4287
17548
14160
18370
17997
11385
2272
12698
6405
22306
21099
11094
18294
19982
6149
4396
2776
20348
6912
20686
4751
10812
1186
8545
12139
13728
11948
17557
5377
3513
1561
4563
18644
17413
15459
5313
7656
3339
38829
13318
20195
9840
102
10035
6891
5435
14304
26860
3282
12065
4493
12590
14418
14841
4232
14106
4545
17539
8984
5371
12983
21627
5702
12818
5352
2279
10337
12846
20219
13434
16213
22524
7036
5080
11369
8800
3110
16083
2343
12145
17367
11019
7114
9719
14855
18758
17433
14141
3238
15925
13117
6486
15267
16353
18454
15025
18653
6864
20614
2126
7248
20623
21562
21642
6138
19881
3489
992
16962
6812
2905
8205
19552
10593
2323
13309
20213
15470
8281
14162
23034
820
15941
11854
13376
20782
15080
18554
2788
19739
16352
8972
14050
20824
11684
21126
13596
7248
19857
22759
1341
15721
17622
10651
19312
13257
13699
17796
4377
5773
19399
1087
1181
6395
5537
11379
12203
7282
15814
5313
6859
19198
2397
18896
15538
5822
4357
4876
12382
13313
10836
4127
13091
6204
12683
9899
9452
19063
15483
15221
16742
11893
4785
18423
12556
9006
11589
14656
12633
4572
18400
8444
19619
13499
15280
18885
5325
20091
16613
13365
11857
17799
18320
13150
1757
3652
12438
15304
17205
2300
11316
9155
18723
4691
17435
21165
15927
16550
3873
8179
11907
2808
5490
15572
5930
13090
17764
2391
15446
1972
7050
23261
21667
324
9630
3228
7240
15000
12740
2767
12727
19631
16914
8608
20646
9172
3394
10218
27406
9921
13998
1131
4008
13387
10769
5158
15486
14603
4321
5995
16050
12768
14318
18691
13050
10803
10280
4527
20815
13018
20816
1277
8869
8295
10300
7779
6486
4532
5415
2475
13885
20313
8654
20520
6436
2351
13789
35083
15699
6870
15298
22859
15944
9196
14401
11244
16312
969
21403
25283
5250
6173
12621
22567
13945
4851
24209
16098
2196
6169
13062
13326
3827
3687
17840
9871
24051
18323
10794
13016
5018
13425
18976
8269
7383
8885
6387
11064
17412
18102
23776
18378
15164
1811
2955
18028
14635
25908
1639
2259
21962
34871
21182
18129
18640
17544
13245
12581
7130
8882
841
5510
9605
20108
14924
14335
6758
7659
15001
8011
13966
8722
9926
7778
16509
22374
14696
19017
14185
5329
3614
3958
17938
297
2652
3832
6071
19375
6171
21075
10134
20478
18653
5086
4753
7398
15746
14490
5173
3973
12460
23852
23701
21589
14521
10207
18736
9385
2097
7772
18895
15462
15158
8768
11800
20676
23041
15048
2283
3675
7542
21844
18448
19064
9160
19351
8437
2421
12899
20178
18543
11175
5275
14230
7398
6271
10536
19915
8163
583
17803
8998
20942
8286
16619
9116
16836
18540
17353
23936
17987
12093
19057
4115
6142
1832
18950
7258
21613
11054
11177
16461
1478
13637
8792
6130
33255
31933
15559
25069
19309
4214
14473
21264
20006
2049
14260
6591
94
13893
8815
31216
4362
2333
14699
19330
17188
7914
2000
12137
21760
2755
18593
5759
15205
20283
1269
15122
20281
8668
13279
2896
5816
8658
19592
20213
10798
11281
21299
22636
1354
9534
24566
6964
5719
4629
3106
9170
6627
7138
7381
20003
10841
2506
2817
12185
4473
7021
1938
21150
19794
5503
17654
3709
3419
10347
43961
4276
25982
26478
24767
3043
18625
18981
6734
10876
14205
12798
28703
3677
11939
6618
24821
13591
5473
4456
6052
8378
18599
6244
2116
10676
7435
17207
589
22092
3103
21706
9923
1116
23219
15655
6781
15621
451
11247
4856
3650
19602
836
1185
4403
15514
20978
9528
6763
24298
21261
11656
6051
9311
5921
2887
4190
12362
5116
4882
6521
17088
25659
3407
11826
1655
22397
2234
15775
18644
20297
1599
20715
14986
17703
17013
16575
20069
20355
19928
3114
3662
408
13144
7080
12307
3685
15048
18393
14461
14602
13792
1483
20068
20473
7876
11388
11081
10588
18692
15834
7376
10874
11393
385
14503
930
15987
15153
18641
7563
3357
17205
19766
20921
17022
21608
20523
15229
16115
15818
12315
1128
433
25381
21710
3759
23025
13137
21400
19912
17602
9580
19498
23488
3089
32921
21278
15598
19758
15596
3916
18210
21266
15815
1741
20179
7760
4158
10414
18231
20722
14603
12201
19930
9262
11387
543
15317
5688
20327
4853
733
10373
15546
12348
9088
22194
5661
16224
7900
21947
15002
17365
16438
9561
22187
626
15653
19058
10076
6276
22961
23191
10047
21091
1610
20447
5506
3686
12258
14801
21271
6128
15554
17596
13929
16661
12647
22775
19585
14322
5210
17597
12967
6485
3514
7323
18617
6296
31869
32458
9159
10997
9050
8428
139
12177
17197
583
6871
23601
16000
21546
11909
109
17648
15566
22406
20120
18274
16614
3381
1524
2904
17960
3260
10895
11817
1038
18757
4059
5341
44380
14724
9528
1149
18275
4789
10276
7640
18164
6961
2948
1959
8501
16004
4711
21464
20772
2189
2090
894
4746
12750
3251
2059
3716
7220
2872
19458
10130
25342
12582
20052
15904
16262
10621
14175
10057
18292
9311
13776
20835
8352
16707
18598
11027
3225
16665
20661
18005
19538
18480
3425
16172
20361
17987
10306
11515
13126
16524
931
1438
19695
18081
5787
14703
7980
16227
2335
3757
2675
20074
4206
5995
20488
20441
12690
16457
10482
8177
17711
17422
19077
4340
3461
11056
2181
756
698
4732
17946
9970
17107
19014
8816
11566
21404
14610
11675
6971
5684
4709
16125
10964
14860
12470
17601
16071
19961
1476
1915
18687
26353
24692
70851
9524
17066
9903
30365
24933
17064
16850
16103
2446
4677
692
31554
5654
13563
17070
16924
16643
3131
11582
46107
1427
15102
26721
1096
15198
25212
24616
10303
13324
26650
9392
8608
712
27975
17333
24203
1614
19770
675
13231
22695
5892
2212
25665
13037
14595
26994
6279
25773
4598
14594
6061
16402
7033
25747
14332
22195
25914
15130
5936
11960
17699
13292
4655
18421
17789
26069
3909
11938
24818
12064
11519
7129
12193
21535
15193
7553
15971
25729
24000
9697
18803
19561
6148
10083
15735
26876
28176
6221
2078
26356
11372
4185
21777
4599
25709
32177
2874
11549
22925
19624
1025
25515
415
23174
23869
5635
8061
4561
12618
7893
22589
8810
12583
15267
11045
14879
14482
15994
5257
11442
20321
4840
4188
11514
5271
21275
13959
20326
2941
13080
18088
7370
13250
12828
3325
3622
14500
12853
7054
18743
4210
5021
3303
7541
24660
7886
9921
3052
24053
21648
1153
20497
7004
11271
18794
18175
5172
8820
17412
12083
9927
17593
10065
19081
9998
22019
10738
17945
16398
18837
2138
10600
1716
16660
17850
13544
16080
18996
10368
5924
3032
4142
21712
8328
3651
4424
8228
13636
9247
17055
1176
8786
16536
19703
12261
13719
17325
13493
13732
15684
1180
16127
13407
18792
19053
1720
9952
7667
10201
7325
11400
16552
19764
21153
11609
21937
16958
14093
10554
14755
6166
18903
14353
16310
20008
15668
21805
13975
15326
17237
5711
7018
640
3068
8053
17820
18337
10471
9141
8720
18827
10944
29075
16708
11890
21341
13141
11979
13371
18125
6701
12920
17251
8168
15024
19292
11200
20417
2570
9129
5058
22143
18956
9180
1428
9590
6650
17702
14448
2237
6090
31792
1477
17415
5121
16355
3913
14752
15776
13967
4649
3981
2429
6354
22458
18693
2026
22636
11284
1545
21995
11706
20824
2419
1472
4558
9629
260
12530
13400
7205
25995
6751
13351
19899
17832
4578
11576
8567
23304
17578
10290
11387
10561
6942
6709
20368
12890
6485
15091
8023
16454
14705
25348
22755
13496
1020
5374
15174
19010
21174
10715
760
2368
13829
16002
13910
21026
17553
20851
4204
7101
1246
24336
12307
19088
25277
4326
22912
15045
19886
12442
6582
4930
617
26323
6215
7163
27368
30944
30297
15043
26470
32995
27769
21860
17718
21347
6662
18565
26061
19311
12365
22697
29084
4562
14631
20846
23997
21920
16701
15653
1710
21005
4461
9475
25525
753
25038
4729
7667
21331
14417
790
32844
20079
12514
10816
12173
3012
4173
19058
8907
21739
25424
16025
17150
27858
26698
16613
3449
12478
20550
13383
6102
11142
3573
5039
19448
13306
7883
31711
7643
22279
19683
25023
5751
33302
14019
31823
16005
2599
2832
6737
24590
24411
5922
5630
16545
22499
8978
18120
15598
25618
8058
2567
23076
27028
23805
19025
12046
29930
31196
27457
10005
28648
23042
9757
8055
21023
23736
6351
33361
18897
12426
7397
3606
4090
27505
13786
16724
29362
20973
24415
30817
29539
18617
1865
21629
9791
16205
27080
28217
14394
1980
9300
26418
22777
4707
17563
17754
7295
16239
31818
7484
9641
23002
25542
26113
4949
25318
7597
30682
2827
29257
11142
16273
23027
381
5126
21491
18329
24808
27235
1063
23269
11083
18758
29579
18745
13304
16081
9717
10634
24219
4473
24986
33568
31046
19826
31149
4840
21326
21396
12942
44737
16221
35196
20838
27996
8561
26385
9993
12557
26211
1683
27967
16549
19093
15767
9378
11662
29143
9156
8908
27581
9511
17076
27476
14880
14557
11877
5811
23904
19054
4487
31008
16803
5374
4795
2092
31867
22354
28632
16006
19045
16425
432
15215
5264
22099
26736
33921
28967
26381
33251
27976
7272
6686
26773
25146
11996
41249
3854
11923
31646
13512
15764
30144
28918
25521
10633
23594
14478
25184
25781
310
15181
1801
481
23566
14364
28128
26681
17028
18436
16296
1586
33366
29782
30949
10415
22542
33898
4188
15268
7025
2638
33848
2941
5936
7942
4828
1349
17708
8614
24400
32577
4716
21157
20181
33313
31369
25237
3805
5544
22350
16353
14305
19115
7928
1431
25666
5258
14812
26151
2534
33240
32260
28574
14244
8190
6264
28258
33651
26168
5052
10055
8855
20766
43939
33988
16180
23897
18280
23802
27534
14083
23039
1333
10747
32956
21049
19566
30472
24529
36284
14152
19124
3717
10404
12003
18164
11011
5973
7456
20340
17553
21481
8215
21620
24662
7730
4535
17538
5482
27067
2670
3577
1879
20552
6982
43047
14982
17058
29751
9285
25720
30103
24502
6297
17436
3092
28217
17958
11125
6299
184
14232
26891
9832
41347
24017
12724
7586
22213
5599
8475
19640
16518
27463
6394
9784
5869
17799
5403
1131
24566
22017
12154
19322
12363
39926
14035
30429
19075
23216
20559
16837
31206
7987
24848
10220
17877
30180
21363
15836
9112
25074
3122
7132
9283
14277
5945
12076
833
11595
16070
18396
19622
26935
4088
21021
3128
15273
10885
21166
28832
25850
23388
30453
2311
22086
27635
16533
15301
2196
16334
21635
29548
2560
2090
3107
11896
34300
25144
24972
25624
4237
32419
24735
28593
2036
33780
20987
18072
26913
10582
29817
13479
5483
28992
14219
2542
12563
4711
7554
179
17665
33493
28910
5828
25811
1102
17046
4979
9797
22667
32760
9851
19799
24765
30823
2192
22374
11649
15268
31395
7438
9100
30205
27629
29217
12561
18288
17763
6298
10178
20925
25573
26238
19670
32270
27679
31914
30898
22668
13552
26157
18948
28785
18631
15162
16295
18407
13693
23857
15745
25517
34270
24527
7116
4249
1227
26294
20753
37159
7906
23303
20026
32529
30645
12952
13445
30133
24640
23682
8929
19940
5171
22550
31987
16239
7855
2522
28639
4776
1460
29224
13578
5615
31338
20317
19778
42410
30100
30959
14802
10444
29921
17499
9140
20495
1520
12380
30519
24100
23870
14158
9354
23369
21692
14218
4894
17970
6679
12360
6786
17397
23376
8319
6333
19996
11594
19999
22884
4764
1532
7134
23764
8138
21653
6147
6654
15145
14352
15294
27059
18224
16016
329
23176
7861
21440
4432
23208
17117
239
8205
21194
12201
5272
2199
33372
22822
16596
20076
11147
4072
19402
10296
11461
8666
18941
22766
21264
25061
17962
10697
27790
3149
23040
25975
1980
21526
3540
9960
8043
18652
19122
14047
9306
7178
9685
2973
15936
9213
4979
3377
1485
27580
20614
27662
3649
2918
23940
8385
5116
24406
7229
5354
6458
27086
4542
1930
37365
13415
28352
23350
257
1055
9610
19502
27712
1320
6099
33696
14417
18143
8819
16911
15000
10108
8842
25601
22105
23402
11419
32663
30367
1728
6566
1785
27533
6257
13240
15608
8634
18920
9854
22735
20255
23782
23882
22040
19174
22705
10904
4145
41188
25850
7287
7816
1529
7387
3574
15544
13888
