76
78
80
74
111
86
99
82
93
93
104
93
105
89
95
94
100
104
101
99
109
111
121
110
121
117
123
130
130
134
126
183
158
149
161
149
150
162
155
162
160
163
171
165
178
170
152
159
155
161
166
165
167
167
171
167
181
175
184
182
187
181
194
193
195
197
203
195
203
208
210
212
218
216
220
224
222
223
228
229
230
236
243
240
241
250
256
250
254
253
266
260
254
271
275
271
277
264
271
287
283
286
274
325
327
303
303
322
303
319
325
315
310
320
321
312
315
323
340
327
326
328
331
332
341
351
355
347
350
355
358
351
368
363
377
378
376
399
388
386
392
390
399
405
399
409
401
405
417
424
420
426
430
424
426
427
413
434
430
438
440
445
446
451
478
455
456
455
456
464
467
464
477
475
473
481
517
508
516
492
497
499
498
502
507
508
512
508
524
511
522
516
518
518
513
535
529
536
531
531
519
548
527
544
549
550
537
556
570
559
558
592
579
584
581
574
566
590
587
591
591
587
598
600
596
606
661
634
662
664
676
682
668
673
677
681
683
690
698
688
674
668
696
675
707
695
693
687
705
714
722
727
732
731
718
767
761
756
755
776
716
775
758
757
768
767
764
767
779
778
755
801
741
749
782
787
787
792
799
763
800
795
800
802
834
812
828
814
828
823
831
838
840
829
847
843
817
849
815
843
867
857
831
829
836
800
856
846
860
854
854
848
852
846
869
821
869
859
870
884
883
874
870
910
907
882
908
901
899
888
914
907
910
915
918
922
894
915
929
909
947
955
936
939
931
942
903
953
951
975
963
946
926
950
964
17105
1054
1092
1093
1073
1056
1086
1044
1082
1101
1087
1084
1095
1080
1090
1034
1079
1086
1095
1094
1063
1064
1060
1079
1072
1068
1067
1077
1060
1087
1085
1077
1087
1098
1038
1104
1108
1133
1140
1131
1102
1093
1123
1122
1163
1154
1135
1091
1176
1129
1126
1148
1094
1139
1120
1132
1114
1171
1167
1162
1163
1172
1193
1196
1174
1185
1018
1020
1015
1020
1038
1028
1022
1025
1029
1031
1033
1039
1052
998
1052
1040
1050
1071
1028
1061
1058
1057
1084
1080
1030
1041
1044
1036
1044
1045
1051
1041
1054
1072
1053
1052
1068
1060
1065
1061
1063
1031
1055
1041
1040
1042
1050
1057
1050
1015
1072
1042
1073
1071
1090
1079
1078
1087
1093
1043
1085
1103
1125
1113
1105
1083
1100
1102
1103
1097
1113
1108
1125
1062
1103
1099
1111
1114
1123
1116
1125
1220
1118
1136
1128
1132
1129
1146
1154
1138
1089
1154
1166
1150
1154
1148
1106
1110
1171
1160
1161
1175
1162
1142
1143
1141
1122
1176
1176
1184
1181
1195
1378
1382
1391
1400
1385
1404
1411
1395
1378
1352
1387
1382
1391
1402
1406
1408
1422
1385
1434
1423
1362
1420
1451
1393
1431
1465
1440
1440
1446
1470
1470
1452
1408
1461
1408
1460
1461
1478
1479
1489
1496
1473
1455
1504
1492
1482
1484
1483
1744
1398
1382
1382
1382
1378
1408
1415
1408
1429
1413
1414
1413
1414
1420
1439
1419
1438
1437
1436
1439
1422
1427
1396
1410
1393
1393
1397
1396
1422
1398
1376
1434
1415
1419
1420
1399
1420
1420
1429
1421
9748
1481
1451
1458
1465
1454
1461
1448
1461
1425
1436
1472
1698
1697
1623
1651
1699
1701
1704
1724
1744
1707
1707
1716
1703
1723
1721
1654
1734
1741
1727
1740
1741
1744
1778
1766
1751
1748
1762
1753
1643
1648
1643
1651
1571
1640
1638
1598
1642
1643
1653
1648
1670
1670
1654
1672
1652
1655
1666
1607
1615
1627
1648
1625
1629
1627
1575
1631
1650
1668
1595
1607
1594
1609
1655
1592
1655
1675
1689
1684
1680
1662
1657
1678
1675
1681
1708
1699
1937
1993
1716
2230
1702
2652
2929
1767
1721
1726
1680
1709
3022
2988
1638
2975
1749
1722
2690
1833
1736
2675
1773
2066
1744
1699
1702
2992
2388
2249
1906
2646
1711
1947
1745
1727
2692
1757
1703
2753
1999
1999
1723
3034
1720
3474
1828
1761
3597
2927
2054
2282
2385
2911
2679
2048
3147
2102
3269
2855
2332
2420
2029
1982
3597
2507
3610
1949
1946
1920
1912
3049
3024
2387
3352
2009
2277
3002
1933
3374
1792
1937
3301
3262
1784
1884
3009
2969
2549
3304
2191
3298
1893
1844
1845
1926
1915
1898
1893
1870
1920
1938
1906
1877
1847
1871
1906
1848
1960
1844
1934
1964
1945
1898
1971
1860
1965
1944
1959
1950
1970
1990
1909
1955
1881
1986
1967
1977
2011
1964
1903
1898
2006
1907
2007
2033
1953
2032
2087
2061
2176
2075
2104
2048
2087
2127
2066
2088
2006
2085
2139
2126
2028
2136
2109
2123
2112
2106
2094
2037
2114
2161
2147
2146
2097
2129
2153
2146
2140
4395
4546
2353
2272
2330
2268
2284
2268
2254
2308
2251
2259
2259
2290
2273
2303
2283
2284
2267
2301
2269
2313
2266
2283
2276
2296
2304
2321
2295
2298
2206
2308
2299
2230
2223
2303
2338
2358
2288
2370
2340
2349
2355
2338
2335
2290
3491
2279
2265
2284
2265
2286
2280
2250
2273
2276
2293
2275
2290
2289
2201
2193
2293
2215
2325
2215
2296
2342
2329
2338
2344
2246
2328
2354
2333
2257
2352
2327
2309
2363
2343
2342
2351
2342
2349
2260
2355
2346
2359
2362
2362
2353
2409
2133
2176
2141
2164
2150
2176
2170
2159
2183
2168
2116
2140
2189
2179
2197
2182
2808
2134
2100
2122
2107
2119
2118
2103
2119
2129
2137
2119
2114
2122
2134
2152
2135
2141
2125
2130
2140
2107
2150
2138
2163
2138
2136
2171
2098
2096
2167
2325
2225
2306
12637
2338
2357
2361
2356
2305
2369
2344
2370
2337
2250
2338
2329
2347
2262
2279
2347
2253
2368
2339
2360
2342
2366
2352
2370
2283
2350
2368
2211
2223
2214
2150
2159
2230
2225
2241
2232
2189
2243
2249
2169
2246
2252
2250
2166
2285
2270
2259
2258
2272
2280
2283
2308
2285
2276
2195
2287
2272
2301
2324
2309
2208
2301
2283
2281
2301
2293
10240
2337
2338
2344
2318
2262
2340
2196
2374
2324
2331
2324
2340
2359
2231
2341
2350
2305
2328
2352
2345
2365
2259
2374
2357
2356
2352
2376
2280
2365
2297
2373
2362
2386
2367
2392
2389
2380
2388
2370
2394
2394
2408
2393
2378
2395
2398
2393
2397
2408
2416
2405
2411
2421
2425
2429
2414
2445
2360
2455
2445
2447
2386
2438
2466
2442
2475
2440
2378
2461
2452
2473
2485
2475
2466
2468
2489
2456
2459
2480
2469
2433
2509
2424
2515
2506
2475
4885
5025
7271
3464
3520
2785
2788
2757
2780
2786
2781
2801
2745
2800
2698
2825
2838
2805
2670
2789
2834
2731
2838
2804
2797
2868
2812
2801
2815
2818
2828
2854
2818
2867
2857
2799
2956
2926
2940
2845
2980
2951
2840
2959
2936
2964
2959
2917
2970
2691
2688
2602
2732
2573
2689
2698
2703
2717
2672
2726
2717
2605
2662
2722
2708
2667
2625
2631
2729
2717
2745
2714
2677
2724
2783
2739
2680
2658
2740
2738
2745
2730
2745
2751
2756
2681
2711
2746
2759
2746
2753
2753
2764
2748
2772
2732
2772
2781
2781
2786
2789
2798
2802
2888
2836
2894
2907
2908
2899
2900
2932
2929
2899
2940
2909
2971
2960
2929
2979
2927
4084
2873
2841
2851
2835
2854
2862
2773
2879
2841
2836
2863
2840
2899
2856
2788
2877
2844
2882
2899
2886
2878
2884
2860
2872
2903
2893
2903
2905
2933
2899
2843
2906
2901
2896
2912
2910
2896
4113
2810
2827
2790
2869
2832
2853
2844
2878
2794
2884
2858
2844
2869
2792
2885
2846
2855
2837
2867
2874
2804
2782
2907
2816
2888
2856
2899
2898
2873
2821
2872
2869
2903
2889
2900
2902
2884
2909
2903
2861
2909
2913
2910
2914
2903
2932
2941
2952
2854
10669
2835
2947
2956
2998
2932
2943
2926
2957
2934
2942
2937
2956
2969
3017
2876
2933
2936
2872
2898
2955
2935
2968
2967
2988
2974
2979
2967
2992
2961
2976
3044
2939
2984
3017
3041
2991
3345
3316
3316
3347
3267
3323
3334
3364
3334
3274
3344
3333
3229
3385
3360
3389
3386
3387
3324
4527
3249
3265
3274
3277
3254
3277
3237
3306
3197
3290
3194
3182
3299
3320
3313
3318
3284
3265
3322
6731
6378
6473
6549
6455
6659
3308
3289
3348
3289
3220
3214
3254
3220
3295
3376
3223
3319
3257
4233
4112
4030
4056
4738
4140
5559
4812
4970
4071
16541
4129
4067
4098
4097
4119
4076
4136
4106
3621
3626
3652
3684
3554
3627
3666
3594
3670
3653
3614
3656
3564
3653
3711
3693
3686
3700
3706
3696
3706
3691
3705
3694
3711
3718
3705
3684
3471
3469
3389
3463
3477
3374
3431
3452
3494
3511
3470
3457
3520
3471
3514
3477
3277
3400
3420
3401
3393
3379
3295
3384
3378
3387
3414
3432
3442
3416
3399
3417
3403
3398
3400
3498
3405
3376
3382
3460
3417
3432
3428
3418
3418
3474
3425
3416
3463
3478
3449
3458
3421
3455
3468
3417
3408
3444
3443
3444
3386
3455
3515
3479
3473
3473
3454
3528
3510
3512
3477
3509
3495
3498
3480
3523
3485
5381
4234
4169
4213
4170
4218
4264
4143
4301
4205
4212
4292
4210
4196
4114
4224
4277
4273
4268
4213
4330
4232
4235
4254
4270
4278
4291
4277
4302
4276
4263
4279
4245
4283
4208
3855
3832
3870
3806
3835
3834
3803
3851
3839
3885
3855
3848
3846
3853
3851
3860
3873
3797
3908
3775
3779
3707
3753
3734
3779
3778
3755
3769
3735
3755
3757
3679
3758
3812
3746
3768
3757
3710
3790
3716
3774
3705
3743
3787
3781
3773
3837
3839
3848
3953
3991
3941
3957
3956
3933
3941
3955
3978
3904
3981
4009
3964
3969
3981
3970
3954
3936
3978
3919
3983
3946
4015
3904
3983
3969
4004
3947
4028
3993
3749
3710
3738
3767
3734
3761
3751
3774
3771
3761
3774
3776
3748
3721
3765
3749
3769
3793
3657
3627
3673
3662
3647
3656
3657
3679
3681
3610
3665
3668
3719
3719
3714
3688
3701
3705
3680
3692
3702
3706
3719
3724
3718
3778
3692
3722
3726
3730
3755
3771
3744
3713
3724
3709
3737
3721
3741
3816
3730
3722
3761
3738
3724
3782
3694
3807
3769
3785
3782
3780
3811
3808
3756
3731
3748
3751
3785
3714
3816
3791
3821
3804
3789
3759
3810
3738
3788
3794
3795
3797
3795
3813
3815
3806
3802
3854
3783
3795
3805
3837
3836
3853
3777
3866
3851
3869
3854
3859
3862
3839
3790
3919
5395
4186
4169
4072
4122
4174
4151
4126
4103
4165
4205
4144
4083
4135
4075
4162
4186
4168
4177
4118
4172
4162
4223
4213
4128
4181
4165
4183
4151
4165
4216
3911
3903
3967
3909
3919
3908
3943
3921
3924
3943
3932
3865
3894
3946
3943
3906
3954
3966
4011
3887
3984
3900
3971
3978
3943
3985
4005
3972
4008
3964
3990
4020
8727
11700
11923
4671
4760
4786
4850
4720
4666
4745
4717
4803
4741
4816
4788
4804
4810
4698
4820
4895
4818
4703
4799
4788
4712
4788
4814
4826
4869
4792
4899
4854
5036
4943
5058
5089
4479
4442
4513
4494
4515
4442
4540
4516
4493
4547
4576
4544
4533
4496
58655
4570
4479
9255
4559
4594
4555
4580
4493
4589
4563
4558
4529
4593
4531
4582
4472
4934
4910
4916
5000
4925
10623
4852
5003
4998
5043
5049
4956
4943
4943
4934
4960
4953
4907
4969
4977
4953
4964
5010
14171
5013
5039
4954
4956
4980
4690
4545
4637
4649
4652
4674
4610
4664
4640
4634
4727
4568
4701
4660
4677
4618
4663
4715
4695
4600
4600
4706
4726
4739
4723
4664
4707
4647
4616
4702
4677
4694
4702
4767
4724
4730
4696
4741
4736
4738
4768
4733
5902
4574
4604
4574
4578
4602
4591
4648
4545
4591
4648
4549
4602
4486
4612
4592
4623
12864
4657
4640
4654
4626
4636
4628
4609
4673
4622
5210
5197
5146
5226
5186
5238
5159
5156
5172
5202
5229
5157
5230
5237
5115
5258
5104
5269
5227
5229
5187
5222
5125
5234
5169
4827
4877
4828
4795
4853
4859
4852
4860
4820
4869
4885
4833
4875
4864
4893
4883
4898
4703
4738
4723
4804
4730
4721
12944
4705
4750
4742
4746
4734
4768
4736
4702
4795
4689
4790
4755
4787
4776
4831
4763
4753
4724
4771
4823
4770
4823
4746
4780
4862
4830
4736
4848
5014
4997
5016
5005
5000
4988
5033
4902
5033
4950
5026
4977
4900
5013
4975
5003
5038
6086
4891
4759
4831
4864
4866
4884
4851
4867
4906
4885
4901
4871
4847
4887
4791
4875
4855
4807
4910
4876
4912
4841
4927
4867
4920
5488
5485
5450
5489
5486
5476
5411
5475
5467
5523
5538
5481
5519
5496
5489
5505
5546
5564
5537
5504
5475
5499
5540
5544
5135
5177
5066
5181
5121
5200
5120
5166
5197
5110
5126
5090
5130
5168
5142
5159
5132
5155
5125
6786
5796
5751
5809
5774
5833
5806
5742
5874
5861
5871
5743
5843
5762
5844
5843
5840
5827
5827
5843
5850
5815
5877
5910
5838
5899
5884
5869
5860
5900
5913
5936
5895
5955
5918
5874
5952
5887
5871
5800
5936
5886
6876
5477
5509
5497
5534
5488
5415
5573
5471
5516
5463
5548
5421
5516
5516
14207
5529
5518
5530
5527
5483
5647
5496
5510
5502
5944
5958
6058
5996
5992
5969
6063
5995
5984
5859
5954
5982
6089
5946
5942
6015
6010
6079
6093
6078
6028
5943
6690
5412
5415
5402
5390
5272
5400
5314
5364
5391
5370
5458
5381
5321
5396
5443
5401
5406
5229
5219
5194
5262
5213
5210
5245
5235
5167
5298
5289
5158
5297
5253
5281
5256
5201
5240
5293
5265
5193
5315
5306
5283
5258
5320
5271
5305
5309
5285
5274
5265
5307
5365
5501
5494
5493
5517
5533
5529
5514
5512
5490
5493
5569
5489
5483
5523
5530
5534
5440
5543
5501
5525
6578
5343
5365
5349
5381
5351
5351
5388
5428
5282
5417
5401
5371
5378
5399
5388
5397
5382
5415
5372
5465
5434
5404
5442
5403
5404
5409
5414
5486
5453
5469
5414
5418
5410
5414
6970
5834
5808
5758
5805
5830
5859
5812
5926
5915
5860
5935
5823
5755
5795
5836
5860
5966
5883
5485
5515
5497
5538
5508
5447
5554
5479
5555
5393
5545
5489
5569
5488
13462
5551
11121
5552
12359
10310
7668
7593
7656
7534
7522
9411
7258
7380
7184
7247
7305
7206
7417
7308
7274
7376
7313
7402
7200
7238
7204
7354
7331
7326
7319
7389
7353
7407
7395
7411
6241
5544
5652
5536
5568
5579
5600
5640
5619
5621
5528
5676
5554
5642
5623
5489
5607
5614
5469
5652
5646
5564
5512
5595
5601
5642
5648
5601
5652
5631
5632
5674
5573
5681
5652
5646
5649
5704
5682
5750
5651
5675
5743
5735
5756
5693
5777
5679
5697
6755
5552
5529
5571
5503
5527
5535
5505
5517
5524
5503
5526
5532
5554
5557
5454
5540
5554
5588
5533
5573
5538
5494
5564
5577
5566
5542
5641
6944
6608
6707
6710
6636
6629
6706
6753
6622
6646
6669
6779
6586
6677
6714
6600
6764
6778
6731
6765
6777
6710
6715
6786
6708
6732
6752
6642
6754
8210
7075
6951
7143
7013
7056
7109
7007
7059
7083
6961
6953
7089
7057
7074
7099
7112
7158
7085
7197
7103
7121
7092
7126
7120
7169
7051
7138
7190
7174
7158
7155
7111
7121
7119
7301
7035
7089
7086
7114
7111
7157
7220
7040
7573
7648
7575
7381
7497
7561
7502
7500
7445
7441
7467
7379
7537
7553
7557
7577
7571
7507
7571
7524
7379
7601
7546
7677
7521
7823
7417
7513
7549
7508
7492
7562
7644
7600
7736
7468
7556
7639
7596
7567
7599
7642
7630
7348
7331
7251
7345
7227
7348
7362
7261
7262
7229
7278
7346
7149
7337
7317
7359
7365
7358
7348
7325
7278
7291
7312
7304
7265
7343
7164
7234
7394
7377
7386
7316
7318
7351
7355
7282
7413
7349
7515
7410
7356
7356
7154
7470
7354
7356
7383
7378
7370
7397
7465
7415
7510
7367
7428
7256
14414
20223
10899
10551
8680
8523
8518
8479
8437
8571
7875
7760
7752
7852
7659
7841
7875
7824
7854
7856
7771
7772
7793
7869
7768
7773
7908
7797
7883
7726
6935
6750
6949
6997
8367
7211
7206
7179
7344
17527
7169
7281
7140
7145
7237
7146
7278
7301
7218
7188
7252
7266
7267
7265
7377
7170
7264
7282
7344
7259
7251
7265
7259
7173
7329
7197
10907
11109
7326
7335
7335
7521
7627
7612
7651
7635
11547
15927
7426
10989
7469
7689
15627
12149
11475
15523
7744
7655
7676
7556
7697
7654
18459
7750
7683
7885
7650
7696
7705
7650
7947
7692
7668
7719
7726
7732
7767
7634
7727
7704
7655
8966
7386
7285
7438
7424
7408
7472
7328
7275
7245
7653
7497
7448
7485
7436
7524
7433
7468
7238
7248
7172
7176
7218
7145
7172
7266
7176
7159
7134
7299
7190
7165
7288
7202
7215
7163
7212
7305
7291
7240
7318
7219
7280
7270
7248
7181
7278
7219
15735
7237
7249
7276
7261
7270
7274
7341
7239
7273
7240
7218
7154
10068
14828
13704
7335
7319
13407
10156
7239
7328
7290
7387
9571
8151
7233
7327
7359
7324
7309
7367
7258
7360
7413
7385
7274
7201
7244
7223
7286
7317
7351
8348
8459
8345
8462
8320
18727
8350
8352
8320
8357
8314
8382
8233
8442
8332
8315
8256
8283
10371
8313
8400
8313
8405
8293
8289
8385
8364
8370
8361
8358
8495
8436
8488
8462
8377
8340
8452
8365
8418
8375
8341
8412
8395
8376
8397
8047
8073
8111
8146
8103
8158
8137
7957
8112
8120
8127
8118
8269
8063
8102
7783
11375
15416
23767
11306
11473
11505
8905
8903
8816
8923
8844
8842
8945
8981
8896
8890
8895
8974
8984
9019
8855
8829
8886
8920
8965
8920
8999
8937
8976
9037
40825
8649
7324
7092
7229
7339
7358
7260
7296
7407
7346
7306
7373
7422
7384
7352
7389
7318
7363
7395
7468
7346
7390
7307
7404
7336
7248
7302
8410
7121
6997
7111
7052
7069
7187
7114
7117
7117
7135
7134
7080
7201
7204
7048
8366
6909
6947
6998
6978
6996
6810
6870
6806
6921
6863
6840
6906
7058
7017
6994
6990
7002
7064
6957
6998
6942
7056
6921
6933
6950
6913
6952
6967
6919
7311
7238
7299
7253
7233
7176
7165
7214
7225
7219
7199
7148
7255
7340
7201
6997
7086
6939
6990
6976
7050
6978
6970
6989
6888
7037
14075
13012
7014
7010
6973
7060
7009
7040
7029
7062
6884
7035
7035
7035
7042
6973
7041
7074
7020
7048
7048
7041
7061
7045
7077
7059
7058
7037
7091
7070
7217
7151
7150
7095
7078
6949
7088
7626
7579
7610
7629
7682
7612
7663
7659
7613
7632
7685
7735
7656
7688
8426
7233
7227
7079
6990
7163
7149
7169
7141
7014
7120
7069
7136
7158
7273
7207
7159
7221
7156
7191
7189
7151
7095
7233
7098
7084
7317
7264
7206
7208
7262
7234
7205
7250
7173
52813
8665
8688
8141
8083
8081
9176
7795
7832
7786
17970
7709
7736
7759
7722
7754
7815
7804
7828
7667
7764
7685
7811
7770
7784
7814
7819
7817
7828
7906
7767
7809
7886
7748
7901
7798
7752
7764
7916
7816
7876
7928
7930
7837
7922
7736
7810
7791
7888
7912
7819
8588
7232
7394
7374
7351
7356
7317
7320
7193
7362
7373
7329
7326
7255
7336
7305
7342
7343
7345
7294
7392
7497
7305
7393
6914
6884
6946
6860
6898
6825
6886
6877
6925
6872
6930
6984
6947
6941
6968
6945
6905
6982
6893
6985
6843
6931
6939
6931
6941
6936
6939
7016
7006
6958
6925
7004
6934
7012
6919
6980
7057
6977
7000
6955
6973
7077
7222
7257
7169
7242
7194
7224
7221
7222
7206
7202
7216
7044
12673
7242
11404
7287
7242
9711
7239
11735
8503
7431
7222
9734
7254
7398
7252
11390
9691
8252
11755
9175
9749
9056
13633
8826
15383
8027
8806
14106
8905
8859
15474
25879
8722
8799
8861
8190
8166
8034
8160
8123
8165
8226
8086
8181
8175
8074
8182
8217
8070
8190
8246
8136
8206
8158
8116
8173
8271
8225
8199
8226
8196
8249
7462
7377
7299
7480
7365
7388
7368
7448
7395
7466
7390
7425
7455
7334
7175
7186
7191
7201
7098
7097
7037
7165
7293
7154
7165
7184
7127
7194
7181
7177
7193
7157
7212
7176
7160
7216
7235
7253
7214
7221
7304
7267
7249
7149
7230
7277
8749
7718
7703
7714
7702
7738
7663
7838
7752
7697
7781
7748
7588
7780
7745
7522
7511
7602
7508
7596
7491
7509
7547
7603
7487
7556
7535
7538
7373
7508
7573
7533
7509
7519
7575
7447
7639
7566
8970
8029
8016
8125
8099
8176
8163
8084
8171
8076
8029
8141
8250
8171
8168
8082
8191
8172
8121
8210
8206
8209
7681
7581
7620
7614
7620
7693
7601
7611
7585
7608
7570
7561
7595
7682
7555
7575
7725
7576
7625
7503
7689
7636
7660
7637
7689
7691
7641
7650
7658
7660
7660
7681
7684
7677
7690
7653
7672
7691
7671
7674
7674
7752
7674
7677
7642
8084
7958
7905
8029
7949
7939
7963
7921
8015
7935
7971
8059
7947
9101
7645
7671
7664
7820
7751
7746
7750
7729
7710
7816
7778
7575
7718
7834
7737
7737
7752
7788
7694
7810
7783
7694
7790
7816
7735
10550
9437
9404
9356
9312
9422
18425
9311
37655
9488
9346
9357
9422
9373
9434
9345
9426
9387
9404
9432
9384
9322
9346
9397
9499
9349
9408
9368
8973
9050
8975
8986
9018
9103
9046
9181
9116
9127
9068
9180
9198
9064
9076
8999
9034
9182
9081
9184
9050
9113
9128
9139
9115
9084
9032
9124
8930
9146
9116
8136
8239
8190
8219
8284
8205
8240
8208
8332
8219
8219
8157
8282
8317
8123
8225
8163
8286
8253
8122
8230
14703
8232
8298
8247
9786
8819
8832
8804
8926
8912
8829
8932
8811
8956
8926
8899
8890
8854
8902
8877
8888
8905
8998
8920
8836
17749
8968
8895
8862
8954
8826
8924
8810
8896
8955
8993
8922
8838
25431
60661
10087
10085
10025
8691
8578
8606
8615
8382
8386
8328
8354
8338
8338
8367
8335
8360
8482
8367
8437
8434
8353
8442
8454
8285
8430
8433
8417
17314
8387
8418
8333
8400
8344
8365
8481
8469
8384
8685
8735
8698
8713
8664
8831
8629
8749
8787
8730
8694
8734
8762
8592
8728
8698
8727
8692
8757
8710
8706
8700
8686
8826
8897
8760
10055
9034
9102
9022
9094
9023
9016
9222
9195
9154
9176
8955
9165
8978
8944
9099
20212
30909
17839
10299
10357
10333
10381
10305
10374
10433
10381
10225
10354
10262
10339
10297
10422
10398
10281
10291
10377
10348
10414
10354
10396
10408
10353
10326
10349
10308
10361
10099
8871
8035
7961
7886
8020
8034
8061
7938
8057
7974
7905
8027
8084
7949
8030
8087
8022
8008
7980
7881
8052
8056
8126
8008
8159
8095
8096
8131
8146
8065
8093
8060
8112
8136
8116
8075
8166
8052
7988
8194
8131
8076
8021
8202
8145
8159
8129
8106
8155
18279
8179
8139
7966
10195
9030
8980
8987
9082
9022
8978
9003
9000
9034
9081
9034
8935
9008
9029
9037
8910
10102
8639
8814
8774
8711
8880
8728
8847
8761
8666
8837
8731
8746
8723
8733
8759
8712
8801
8700
8761
8740
8737
8729
8736
8674
8736
8783
8747
8790
8781
8150
8227
8159
8243
8187
8091
8244
8244
8278
8269
8248
8236
8259
8274
8274
8220
8377
8232
8227
10159
10417
10348
10067
10237
10312
10276
10413
10256
10417
10030
10209
10307
10409
10370
10223
10377
10388
10180
10333
10201
10378
9605
9635
9515
9659
9497
9491
9511
18980
9545
9358
9596
9614
10530
9214
9196
9205
9193
9211
9240
9148
9322
9193
9304
9281
9239
9173
9290
9358
9270
9321
9350
9358
9271
9310
9334
10065
8710
8601
8662
8673
8576
8677
8748
8652
8748
8728
8688
8671
8727
8602
8667
8802
8790
8740
8659
8602
9730
8444
8425
8428
8431
8428
8378
8519
8372
8499
8549
8492
8363
8422
8515
8473
8434
9038
9217
9052
9000
9099
9017
9148
9220
9025
9095
9084
9085
9091
9057
9007
9108
9147
9059
9019
9020
9129
9114
9052
9085
9190
9104
9180
9153
8489
8490
8506
8480
8514
8493
8372
8573
8678
8534
8552
8484
8524
8544
8576
8569
8633
8559
8555
8565
8515
11613
11530
11662
11540
11662
11579
11684
11573
11655
11693
11308
11577
11596
11644
11577
11602
11537
11703
11635
11742
11607
11627
11720
9843
18624
9837
9919
9870
9898
9917
9837
9997
9904
9981
10042
10044
9997
10033
9923
10010
10012
9905
9942
9902
9877
9903
9810
9887
9969
9979
9866
10063
9917
9984
9893
9954
10049
9903
10043
10026
9931
9896
9928
9902
9971
9996
10010
10023
9783
10028
9933
9926
10711
9303
9242
9349
9301
9345
9279
9343
9440
9335
9406
9404
9395
9245
9396
9321
9163
9261
9355
11391
11394
11359
11300
11317
11407
11316
11397
11300
11441
11323
11312
11461
11425
11260
11446
11433
11425
11547
11563
11504
11438
11214
21321
9809
9750
9727
9738
9720
9781
9763
9734
9777
9779
9760
9910
9775
9856
9544
9462
9405
9399
9377
9449
9584
9553
9589
9356
9489
9462
9549
9581
9414
9472
9449
9440
9481
9561
9657
9485
9506
9497
9524
9634
10447
9227
9312
9332
9174
9024
9213
9209
9194
9120
9211
9195
9206
9120
10548
9552
9528
9518
9645
9458
9510
9661
9495
9591
9606
9530
9554
9605
9515
9578
9475
9602
9617
9077
9036
8966
9022
9062
8850
8960
8956
8883
8950
8872
8945
8910
8929
8919
9098
8889
8931
8862
8955
8980
9013
8966
8975
8830
21875
9038
8929
12764
12060
10449
17518
10391
15915
10258
10224
10422
10373
10409
10373
10529
10375
10289
12626
11534
11844
11722
11661
11708
11622
11791
11855
11646
11692
11740
10439
10389
10248
10364
10390
10559
10451
10446
10459
10423
10451
10445
10445
10440
10547
10109
10146
18521
19739
9921
10027
10124
10080
10189
10059
10105
10192
10148
10014
10012
10096
10055
10163
9997
10128
9952
10204
10152
10073
10036
10129
10142
10059
10142
10003
10079
19000
10181
10180
10188
10134
10163
10143
12068
10932
11126
11006
10882
11027
10985
11007
11019
10963
11055
10906
10842
11014
12029
10262
10302
10168
10220
10310
10278
10252
10283
10224
10292
10277
10352
10099
10240
10052
10201
10136
10360
10158
10228
10309
10202
10293
10270
10198
9665
18377
9608
9612
9633
9550
9573
9614
9822
9663
16995
11662
15015
17708
14474
9830
10648
12458
10629
12150
10601
16725
11189
15017
18782
12190
10730
16759
13228
14508
14469
9884
13729
11247
16774
11654
16807
12835
15028
9487
9702
9658
9685
9694
9702
9809
9783
9661
9707
9732
9751
11383
10656
10888
10776
10881
10759
10791
10872
10734
10883
10743
10757
10874
10823
10872
10820
10844
10823
10731
10785
10934
11550
10110
10065
10065
10028
9989
16656
10095
18164
10145
10088
10086
10085
9900
10226
11279
11247
11345
11291
11383
11160
11314
11266
11199
11250
11312
11251
11288
11356
11446
11299
11150
10555
10432
10440
10519
10480
10589
10601
10489
10626
10443
10587
10520
10514
10635
10506
10483
10622
10623
10605
10252
10202
18071
10230
10176
10194
10199
10178
10193
10220
10137
10179
10303
10167
10158
10153
10201
10247
11490
11500
11406
11384
11382
11484
11517
11331
11408
11519
11334
11469
11493
11414
11427
11578
11394
11425
11431
11416
11513
11578
11346
11559
11382
11372
10289
10181
10347
10234
18705
30712
20575
25274
22021
20612
10308
10255
10349
10365
10330
10311
10241
12457
12601
12596
12593
12541
12530
12414
12588
12525
12604
12493
12625
12617
23628
12420
12517
12696
12545
12614
12471
12605
12505
12508
12672
12547
12458
12488
12588
12562
12484
12598
12700
13493
12025
12115
12008
12013
12042
11987
12037
12073
12258
12220
11949
12184
12064
12225
12052
12055
12029
12069
12113
12180
12146
12142
12132
11868
12176
12123
12166
12080
12040
12212
12085
12155
12138
12283
12144
12219
12228
12150
12259
12124
12025
12246
12238
13091
11170
11170
11322
11304
11350
11330
11231
17719
14178
11331
10431
11216
13213
11305
15976
20748
10640
29410
18106
10547
10518
10551
10538
10504
10552
10503
10680
10578
10508
10609
10512
10643
12624
12756
12892
12830
12896
12461
12740
12891
12720
12853
12781
12917
13017
12755
12955
12631
12778
12854
12856
12871
22156
12770
12823
13560
11853
11822
12046
11861
11752
11910
11567
11935
11870
11895
11847
11827
11009
11131
11130
11008
11020
11100
10949
10946
10937
11005
11012
11174
10959
11056
10996
10938
11159
11014
11026
11233
11086
11080
11183
11114
10043
9966
9923
9958
10157
9815
10046
9987
10020
9980
10033
10046
9961
9921
10071
11560
11512
11573
11532
11507
11569
11514
11462
11683
11463
11523
11512
11689
11614
11762
11472
11640
11691
11546
11559
11460
11648
11654
10406
10433
10561
10412
10383
10432
10461
19077
10520
10474
10428
10529
10382
10413
10360
10456
10551
10477
10606
12960
13096
13288
13109
13046
13078
13004
13086
13117
13081
13140
13282
13053
13130
12998
14664
23575
21641
16953
21310
17529
14984
13081
18038
13320
20441
26690
11241
11221
11230
11279
11278
11196
11269
11270
11386
11212
11304
11357
11221
12599
11795
11561
11549
11687
11769
11665
11826
11637
11651
11439
11760
11824
11692
11687
11847
11652
11726
11808
11779
11710
11110
10956
10909
11116
10927
10876
11030
19022
10924
10933
10981
10982
10937
10939
10987
11757
11761
11943
11737
11781
11743
11780
11696
11901
11957
11754
11893
11781
11823
11837
12972
11018
10995
10972
10862
11032
10975
10962
11174
11089
11157
10958
11000
10994
10976
10973
11052
10974
12203
10701
18617
10735
10651
10653
10644
10914
10716
10645
10709
10743
10641
10814
10775
10740
10680
10812
10714
10670
12319
12452
12356
12396
12355
12533
12586
12580
12392
12317
12358
12355
12491
12373
12391
12448
12502
12529
12427
12525
21193
12423
12436
12535
12462
12467
12401
12403
12446
12509
12432
12627
12494
12643
12558
12443
12590
12440
12462
12567
12667
14753
14849
14869
14672
14901
14725
14774
14724
14735
14732
14698
14660
29040
29729
25064
14793
24469
14861
14861
14855
14727
14865
14830
14864
14930
14636
14818
14811
14790
16096
14093
14062
14219
14221
14168
14190
14119
14378
14209
14154
14185
14187
14373
14435
14129
14186
14226
14212
14194
14002
14463
14276
14282
14258
14254
14220
14313
15203
13669
13711
13703
13722
13718
13689
13701
13707
13807
13639
13415
13761
13173
13134
13138
13113
13163
13203
13148
13170
13175
26304
13394
13137
13259
12965
13220
13243
13222
26216
19415
19453
90486
15146
15023
14985
15063
14962
14987
14955
15215
15029
15220
15311
15043
15056
15310
13354
13145
23113
13314
13278
12699
12743
12772
12696
12743
12743
12740
12875
12806
12806
12773
12756
12782
12919
12776
12927
12819
12818
12694
12923
12712
12760
12739
12669
12728
12741
12853
12843
12861
12829
12948
12872
12782
12863
12900
12874
12981
12926
12855
11675
11618
11606
11600
11235
11567
11578
11554
11537
11582
11526
11541
11539
12132
11973
12041
11994
11942
11938
11960
11719
11986
12019
11950
12083
11956
11950
12059
11928
11985
13164
11672
11592
11668
11634
11493
11592
11562
11588
11715
11560
11605
11712
11752
11595
11544
11652
19722
42350
42956
37500
37556
15752
13714
25775
14640
15490
14617
14737
17264
14846
13718
13015
12930
12901
13015
12904
12895
12951
12961
13010
12996
13027
12923
13038
13179
13054
13164
13178
13157
13015
13283
13065
12949
13068
20686
12187
12082
12107
12005
12068
12185
12162
12246
12034
12141
12202
12156
12180
26516
12160
11775
11729
11435
11658
11680
11746
11717
11710
11698
11912
11692
11771
11709
11757
11856
11828
11900
11760
15000
14816
14839
14778
14894
14852
14827
14953
15020
14925
14883
15006
14976
14846
15052
14917
15011
14941
14931
15054
12847
12766
12680
12578
12656
12728
12754
12841
12877
12861
12716
12803
12877
3069271
15733
15596
15673
32090
21950
15700
441491
25119
35893
19339
16440
592829
95332
43030
55605
55745
106587
83008
35950
55847
30437
66957
219507
59691
56893
56785
69292
59953
87723
136654
42608
55527
610632
63800
80460
49381
79069
1496315
16444
19307
18278
18267
18421
18283
18218
18413
18325
17404
17363
17324
17329
17418
17304
17360
17585
17305
17398
17350
17308
17380
17202
17400
17358
17344
17322
17420
17360
26704
17494
17449
17428
30515
17520
17507
17638
17454
17482
17617
17514
17467
17455
455807
17454
17420
35018
17560
17522
17458
17465
17409
17427
18920
20541
20893
20483
119391
20560
20690
21243
18404
18432
18420
18468
18461
18422
18387
18454
19334
17599
17792
17641
17565
17565
17623
17591
17717
986496
20603
20768
20701
20749
20789
20651
20854
20567
20520
20690
20669
20703
20615
20782
49214
35645
18481
18565
445645
22122
18623
18530
18592
18693
18762
18756
18233
17056
32766
16933
16829
16817
16794
16791
16521
16811
16989
17066
19053
18740
18770
18711
18645
18485
18867
18803
17881
17897
17631
506249
19703
19695
19664
19960
19199
19886
19821
19808
17775
17712
17700
17739
17682
52853
25867
43707
28860
21078
20713
20945
21017
44939
20985
20975
21136
551293
17028
16951
17028
16818
16972
16991
109683
17876
17827
17891
17983
18077
17702
17729
58584
34315
17069
16977
16985
17120
17097
34829
32069
677190
16279
16192
16270
16274
16209
16251
16269
16326
16280
16370
458413
16305
16306
16260
16301
16296
16276
16311
70200
16408
16394
21178
453319
21286
17931
16323
20768
35224
18023
18191
17965
17981
18074
18203
18150
18217
18122
18135
17929
18441
17547
18028
18293
18373
18318
18251
17907
18160
18071
18030
18354
18094
18174
18257
30395
18197
18049
17978
18073
17999
18123
18063
18138
18119
18118
17996
18135
18106
18143
18123
18143
18143
18084
18156
18356
18033
18246
18275
18197
18260
18141
18345
19786
19253
30225
19140
19109
19149
19139
19175
18996
18971
19027
23136
35334
30313
22729
22864
22673
22648
22628
22656
22680
20107
20106
20194
34622
19740
20366
19604
18286
18274
18272
18261
39758
26440
21539
21544
21450
21485
21495
21522
22096
20300
20199
20293
20320
20306
20253
77157
31480
18488
18381
18358
20502
19249
18681
18855
63897
29465
21607
21613
21540
21567
21634
21636
21630
21538
21614
21495
21608
21666
18416
18326
18419
18253
18440
18409
18317
18428
18376
18423
18452
18412
18355
18401
18421
18504
18454
17949
18308
18378
18436
18435
18540
18607
18369
18396
20704
20441
20618
20694
20427
20681
20791
20537
20736
20643
20634
20615
20744
20696
18947
60343
38619
56825
23338
21281
21896
40523
43084
24012
21780
22198
22146
22012
22185
20938
18582
18630
18732
18538
29692
18627
20646
17807
17709
17702
20807
20850
20739
20983
20680
20687
20755
20841
20825
20623
19807
19722
19510
19631
19576
19773
19835
19583
19870
19616
30717
20618
18542
18708
18507
18513
18497
18526
18622
18655
18703
18726
20695
19678
19647
19631
19660
19806
20021
19865
19920
41273
19298
18774
18787
18745
18779
18800
18805
18792
18986
19815
20398
20543
38505
44921
20012
19872
19954
40170
40821
48252
40206
44156
82594
56956
50272
48172
49312
70752
73917
45756
48302
98781
79474
51615
50612
46708
44844
30660
22633
23043
60773
43420
62313
42001
45250
43120
43110
42461
42126
42500
43244
66876
70753
40431
75248
68331
52909
22156
99088
22316
22315
22379
22618
23372
21741
22335
23557
20558
22021
21376
20950
22370
21691
22520
21108
21239
21268
21059
33654
52283
59251
37998
21066
21060
19734
18930
18916
19369
19064
19023
19003
19040
18941
19840
17262
17349
17280
17420
17280
17279
19887
17614
17288
17587
28146
17388
17347
17346
17417
17339
18112
18200
18207
18128
18145
18409
18181
18415
18294
16602
16606
16631
16551
16713
16658
16595
16695
16828
16698
16569
16641
16826
16623
16650
27506
16672
16597
16693
16721
16637
16576
16594
16627
16702
17348
16654
16749
16763
16575
16927
16716
17979
16070
15963
16118
16009
16199
16201
16153
16194
15959
16180
15971
16047
16008
16035
16024
16235
16018
16669
16207
16505
16083
16064
16048
16051
16075
15685
16085
16230
16052
16056
16084
16104
18643
18596
18583
18399
18410
18514
18382
18611
18580
18349
18610
18318
18404
18916
17733
17456
18448
17806
17548
17484
17558
17663
18762
37136
50901
40183
196694
116278
146415
42620
61869
40577
40544
137562
214005
46590
267074
29485
18750
19695
17647
17648
18108
17716
17790
17828
28811
25312
36074
17816
19249
17736
17688
17835
17797
17593
17618
17860
20320
19368
19583
19680
19578
19409
19476
19590
31923
20894
18303
18778
36138
35967
88846
37524
37700
19096
20302
19165
18918
18868
18732
19173
69306
26203
26374
26335
26391
26174
26337
26133
26218
26405
26344
26247
26328
26465
26041
27340
21293
20692
20763
20618
20886
20668
20651
20813
20828
19531
19865
19863
19762
19477
19803
19529
19849
19898
19463
19578
20202
17995
17976
18081
18083
33256
18332
17893
18021
17997
17853
17919
18183
18545
17157
17163
17321
17473
17078
17360
16976
17290
17229
17312
19040
18697
18979
18797
18928
18909
18823
18882
19011
18900
19038
29314
18670
18776
18857
18941
18907
18851
18962
18849
18918
18929
18905
18841
18906
18852
18841
19136
17051
17477
17275
17292
25016
17231
17226
17475
17557
17324
17145
27242
18276
17254
17286
17350
17339
17479
18510
16053
15956
15975
15918
16056
15867
15990
16088
15890
15942
15985
15899
16107
16336
16932
15956
16122
15994
15962
15954
16087
16145
16236
16049
16150
16016
16085
16039
23398
59348
22506
22437
22499
22597
22216
22511
22581
22475
18297
18305
18304
18244
18248
18335
16316
15617
16058
16153
16172
15714
16121
25668
16072
16115
16566
16119
16130
16545
16173
16105
16074
16261
15922
16074
16095
16299
16176
17632
16843
16812
16698
16955
16939
17006
17014
16763
16738
16986
16976
16779
16866
17824
18076
27803
16202
16209
16136
16446
16223
16029
16281
16267
16105
16188
16432
16372
17165
32579
29641
15831
15506
15628
15673
15562
15619
15607
15265
15831
15120
14933
14932
15020
15177
15020
15245
15174
24504
15523
15022
15034
14979
14987
15113
15005
14983
15205
14959
15130
15272
15215
15094
15064
15315
15026
14980
29743
38533
21607
17491
19112
17170
17034
16837
16890
16962
17008
16978
17021
27002
17474
17018
16985
16963
17185
16997
17294
16866
17119
17050
18111
14979
13296
13296
13316
13691
13376
13179
13225
13212
13375
19267
13287
13129
13246
13244
13393
15344
15198
15753
15258
15892
15257
15141
15209
15240
23608
15295
15252
15142
15336
15261
15172
15348
14059
14183
14191
14158
14097
14148
14160
14348
14374
14420
14177
14207
15222
13730
13719
13769
13728
13799
13814
13724
13736
13676
13755
13884
13738
13717
13852
13794
13764
13799
13777
13859
13801
13844
13690
13797
21775
13803
13756
13763
13798
13758
13894
13876
13777
13700
13972
13912
15704
14774
14912
14859
14723
14845
14763
14850
14858
15037
14981
14895
14720
15897
13765
13977
13826
13782
13785
13900
13787
13881
14028
13858
13992
21664
13902
13908
14053
14041
15328
14845
15058
14911
14894
14862
14952
14825
14848
15004
14876
14937
14854
14007
13845
13801
13829
13721
13964
14136
13915
13868
13861
14017
14121
13966
13821
13914
13849
13926
13940
14044
13506
13452
13527
13550
13518
13481
13476
13420
13469
13458
13506
13498
13706
13462
13535
13540
15062
14928
15110
15079
14953
15072
15162
14857
15170
15100
14990
15048
15021
15137
14137
14004
14025
14085
14201
13972
14122
13988
14184
14043
14039
14120
14079
14050
13996
22016
19067
22538
19153
16848
27226
22702
26419
17670
21695
16277
16228
26249
23812
16341
25508
16326
16189
25395
16326
14942
17725
14930
17139
15110
15273
23995
15198
40719
29900
16715
16963
16983
17029
17084
16928
16909
17154
16981
17044
16961
17978
16301
16454
16307
16458
16494
16243
16457
16434
16363
16548
14724
14732
14648
14616
14682
14604
14654
14744
22580
14719
24636
30399
16980
15733
15788
15948
15727
15700
15758
15783
15860
15771
15892
16885
15340
15279
15259
15387
15395
15351
15360
15371
15361
15398
15286
15366
15249
15181
15330
14366
14180
14176
14244
14274
14243
14254
14254
14288
14261
14213
14310
14387
15229
15164
15251
15261
15186
15297
15274
15332
15311
15523
15247
15293
14775
14934
14909
14892
14960
14874
14697
14914
14876
14813
14869
15005
14881
14691
22635
26908
21948
24177
18714
18670
18599
18708
18732
18775
18885
18630
18544
18874
17469
17332
17184
17195
17258
17258
17078
15343
15425
15495
15603
15350
15300
15442
24440
15505
15396
15403
15917
15381
15438
15458
15526
15461
15449
15386
15557
15348
15367
15434
15533
16071
26178
16162
16228
16070
16366
16276
16027
15940
16117
16073
16175
15956
15682
15991
16053
16180
24701
16190
15971
16083
17517
17429
17398
17313
16890
17383
17405
17326
17333
17622
18282
34773
31315
18654
16716
16704
16694
16861
29493
17544
16684
16678
16831
16790
16696
16634
16625
26041
31041
24292
24169
35254
24314
30194
34418
68295
32577
63658
40255
28746
21497
19979
21534
32041
20569
40945
42358
41444
41833
41576
40868
20003
20332
20146
18592
20208
36471
37579
37134
35355
18632
18305
31999
18266
18182
18174
20612
20441
20595
20152
20370
19907
36630
41338
24165
20057
19417
16848
16852
16861
16851
17028
16921
16879
16797
16839
16992
16513
16907
17083
17109
16814
26767
16957
16940
16930
16950
18663
18343
18473
18364
18555
18238
18392
18506
18498
18510
18738
16967
16895
17098
17139
17092
17052
17093
16977
17111
16955
17092
16913
16962
16978
16948
25747
23253
33294
32208
28885
16286
16366
16388
16354
16376
16336
16364
16448
17156
15233
15182
15365
15508
15224
15177
15480
15176
15244
15438
15403
15372
15556
15363
15313
15454
17898
17905
17913
17840
29372
17838
40316
40675
20207
20205
20228
20235
20223
20239
20316
20245
17152
29636
17153
17077
17067
17048
17018
17245
17300
17295
16761
15280
15367
15465
15280
15523
15468
15380
15331
15441
15383
14886
14887
14847
14833
14900
14870
14885
14868
14530
14880
14895
14817
15053
14925
15075
14592
14435
14413
14437
14573
14437
14339
14440
14455
14484
14481
14390
14322
14399
14561
14598
14338
14580
14424
14592
14670
14493
22772
14501
26620
33379
31369
20057
16619
16865
16571
16658
18470
17958
17884
18183
18234
17965
17945
17960
18145
17969
18086
18208
18703
17314
18504
15198
15162
14975
14988
23776
15236
15044
15099
15041
15087
15045
15017
14884
14868
15045
15036
15033
15046
15037
15259
16940
16297
16230
16367
16223
16179
16122
16208
16357
16274
16406
16040
16220
16368
18383
18232
18073
26825
18305
18005
18098
18051
18157
18096
18087
18286
18065
18135
18134
18237
18820
18161
18352
18290
18267
18320
18361
18168
18109
18305
18246
18540
20779
51514
17800
18377
27360
18717
18477
18279
18266
18154
20813
19758
19852
19832
19841
19791
19810
19883
20812
18895
18962
18964
18962
19024
19004
18984
19017
19592
26481
18866
19057
19031
18835
18990
18913
19172
19486
19097
18331
18207
18252
18345
18276
18224
18241
18500
18451
18278
17124
16769
16967
16981
17089
16945
16849
16879
17162
16906
16996
17013
16985
15834
15833
16034
15936
15749
15915
15869
15984
24011
15877
29983
27435
15778
15853
15870
15798
15855
17568
16875
17044
16996
17031
17084
17157
17200
17084
17006
17167
16979
17187
18015
15865
15863
15828
15832
15999
15983
16069
15874
15846
16031
15921
15866
15821
15945
15948
15931
15904
17385
16633
16497
16468
16637
16585
16631
16650
16694
16668
16557
17219
16110
15887
16089
15994
16003
15896
15917
15960
15927
15943
15885
15967
15535
15923
16080
16036
16086
15883
16999
15446
43726
35585
35041
18450
17787
17892
18496
18398
19635
19386
19288
19238
19477
19259
19502
19353
19517
19526
18280
17145
17149
17366
17234
17404
17192
17246
17180
17191
17126
18258
15987
16057
16191
16153
15972
15980
16052
16238
16256
16000
16048
16114
15514
15529
15533
15528
15642
15646
15504
15635
15796
15503
15494
15616
15521
15598
15502
15616
16704
15093
15117
15013
15006
15008
204994
245927
31172
30505
31536
31389
31562
31145
31559
31350
31874
31396
71075
27210
33318
33248
26628
27323
27296
28239
35862
26277
27040
26131
26114
26214
26417
26460
27264
27566
37478
25912
28001
24402
23762
23579
47897
25865
39733
22588
21259
37050
37231
31586
24386
23475
24874
38102
21031
22160
34272
38180
33931
24601
28504
37660
22546
21581
22655
22963
26666
22229
22049
25501
23027
23547
23799
23689
23452
23707
23779
23910
23811
22429
22628
22396
22587
22715
22539
22691
22438
28178
21462
21480
21286
22301
22301
35734
22022
21499
21480
21607
21675
30270
21996
23162
21508
22173
21452
23339
23620
23814
24643
24035
23560
24468
24129
24385
23726
23883
36588
22963
23917
22868
22768
22878
24383
24148
25312
22669
22565
22712
22848
38496
23443
23663
52884
23079
22622
22613
22819
44167
28024
25582
27842
26062
25155
49258
24890
25004
24431
24981
25045
25026
25004
24998
26683
25036
24356
21602
21506
21642
21587
21631
21605
21650
21588
21681
21625
21626
21461
21590
20935
18318
18313
18604
27070
24409
18604
20214
18844
19206
18737
21367
18415
18435
18606
18407
18446
20372
20016
20065
19949
20084
20059
19848
20089
20014
19963
20101
19873
20130
20031
17063
17312
17219
17181
17158
17211
17130
17184
17193
17140
17069
17204
17158
18596
18490
18530
18493
18535
18475
18398
18494
18571
18538
18567
18688
18735
18492
18613
16738
16741
16774
16681
16625
16649
16713
16572
16600
16597
16591
18502
18533
18492
18507
18469
18498
18541
18518
18527
18588
18608
18620
19703
17257
17296
17278
17287
17239
17277
17199
17277
17279
17284
17286
17249
17268
17271
18255
16665
16648
16785
16764
16708
16691
16693
16664
16643
16670
16658
18724
18651
18650
18676
18758
18623
18263
178284
37425
29010
28796
28526
36008
27008
32152
28922
26917
26884
26987
26919
26972
26908
27281
27348
23123
23360
23048
23204
22168
20295
20362
36671
39855
40457
78956
44009
20306
20457
20341
20596
20436
20422
19804
20513
20390
20305
20490
20346
20367
20301
20341
20330
20282
20275
18726
18786
18863
18748
18780
18399
19487
19220
18764
18115
18057
17623
17676
18087
18085
18047
18094
18352
18411
18208
18317
17682
18292
18157
18318
18022
18070
18630
17509
17472
17589
17151
85204
81592
60202
62840
61204
60883
50621
46152
45882
66915
47134
45946
46770
46070
49103
121663
55002
36288
53976
89591
65229
28008
30480
88482
28855
22496
22356
22490
22314
22540
22265
22549
23497
17559
17540
17528
17540
17536
17771
17581
17847
17605
17724
31936
18103
17671
17825
16466
39461
33982
18956
19194
20089
19061
19016
19016
19035
18930
18927
19167
19232
25933
18376
18266
18306
18296
18212
18505
18344
18270
17917
33649
17861
15464
15498
15518
15453
15447
15498
15529
15520
15404
15483
15373
15570
15498
15494
15724
15151
15495
15496
15515
15540
15455
15484
15982
16019
15964
16079
15999
16043
16013
15900
16006
16086
16020
16066
16133
16135
16044
16052
16007
16119
16058
16045
16087
16125
15968
16081
16089
16096
16173
16070
16182
16151
16017
16216
19070
17914
17908
17856
17814
17768
17846
17822
17766
17820
17930
17790
17979
17826
18386
17839
17833
27414
18490
19154
18504
35196
47071
25563
20797
20849
20800
20982
20831
20840
20870
21062
20809
21010
21240
18635
18531
18435
18539
19085
18858
20066
32821
17323
16211
17149
18767
18135
18641
18317
18977
48403
24048
57029
22453
20916
21600
20837
20821
20944
20419
20992
20847
20895
21120
19288
19310
19481
16757
16795
16777
16789
16662
16759
16776
16765
16783
16767
16837
16912
16247
16326
16181
16216
16404
16375
16503
16282
16203
16317
16218
16263
16358
25515
16234
16297
20484
28778
16907
23385
18688
16334
25971
16276
18455
16233
19104
25682
15109
21656
18708
25617
16493
20798
19112
28849
15057
16362
55628
16485
16870
16797
16804
16861
16936
16854
16867
17025
16883
16989
17630
16546
16218
16330
16365
16449
16384
16259
16522
16440
16357
16501
16381
16218
16510
16373
16427
16475
16490
16558
16436
26543
16644
16510
16517
16616
16461
16518
16364
16601
16499
16599
16437
16457
16508
16506
16423
16547
16377
16551
16552
16473
16372
16537
16417
16485
16558
16623
16449
16551
16637
16456
16539
16589
16464
16629
16363
16461
38419
16683
16663
17686
16616
19475
19670
19693
19634
19806
19501
19656
19779
19656
20775
19085
19120
19089
19044
19091
19060
18788
19072
19105
18841
18934
19054
28982
19169
19156
20282
18374
18395
19362
18798
18318
18317
18441
18594
18353
19837
19716
19734
19834
19755
19806
19903
56802
31698
22370
22475
22374
22504
20722
20696
20648
33726
20753
20794
20651
20735
20782
20464
20812
20699
20762
20619
20564
18401
18404
20077
19637
19426
23757
19236
19211
19100
19099
19322
19105
19096
19268
19121
19795
18404
18653
18672
18652
19292
18472
18689
18539
18758
18357
18540
18467
18501
18464
18504
18717
18656
18514
18584
18460
18502
18656
18548
18454
18478
18726
18688
19245
17103
17283
17314
17429
17313
17368
17526
17467
28160
44478
35231
37131
23319
22046
22210
27736
21472
21929
21474
21602
21793
21845
21445
21847
21914
21938
22448
22215
52368
52399
24911
25436
25899
24890
20989
20875
21045
20822
20785
21040
20982
38103
24638
20211
20121
20166
20593
19511
17435
17356
17294
17415
17397
17703
17385
17494
17528
29058
19478
17390
17352
17383
17361
17319
17298
17369
18151
18070
18056
20143
19142
20222
42896
19713
18024
18469
19522
18124
18154
18563
31102
22121
18634
18060
18076
18039
18001
18674
18603
18835
32430
18752
18733
18694
18678
18707
18734
18828
19622
18020
18108
18168
18233
18110
18074
18232
18074
18146
43323
18151
18017
18108
17984
18450
17537
17501
17514
17485
17467
17708
17548
17690
17455
32087
17552
17618
17569
19309
20194
20405
20286
20282
20420
20177
20240
20361
20522
20363
20303
20295
20383
20246
20356
20284
20236
20287
20279
20238
20229
20383
20292
20222
20224
18743
18937
18871
18881
18866
18814
19009
19009
18871
18823
20488
20407
20347
20534
20536
22707
20455
20433
20363
20526
20584
20296
19045
19017
19039
19033
19010
19017
19061
18910
29134
19113
18890
19153
19008
18801
18998
18932
18762
19229
18894
18824
19164
18848
19108
18791
18833
18930
18957
19081
18919
18865
19844
18181
18220
18172
18314
18349
18338
18307
18567
28405
18362
18360
18375
18416
18341
18487
19100
19217
19056
19182
18950
19212
19227
19234
19077
18326
18374
18473
18383
18378
18452
18596
18467
18185
18344
18491
18598
18400
18286
18367
18419
18354
18531
17472
17311
27581
17304
17249
17238
17800
17290
17440
17253
17282
19138
17349
17174
21075
19689
19715
19899
19897
19839
19809
19810
19789
19952
19729
19786
19981
19734
20021
19849
19984
19879
20766
18657
19132
18511
18489
18442
18610
19133
20221
18971
18532
18674
18478
17885
17924
17803
17913
18056
17987
18011
18051
17911
18004
18039
18066
18719
17366
17337
17394
17403
17412
17309
17332
17349
17374
17437
27596
17341
17335
17364
118945
27200
27193
21419
21535
21494
21721
21430
21771
21752
21835
21542
21801
21774
21624
21566
21797
21805
21712
22396
19237
19230
19294
19325
19511
19305
19302
19252
21131
20105
20064
20013
20191
31173
19974
20192
20376
20000
20044
19960
22061
20735
20980
21010
21051
20944
20978
20764
20774
21059
21041
20956
20787
20827
23295
42823
20937
20989
21045
20967
20797
20880
20824
20842
20795
20950
20883
21138
20108
20394
20125
20103
20126
20180
20159
20116
20137
20104
20152
29543
20137
19404
19415
19372
19393
19444
19428
19509
19410
19455
19434
21096
20966
20820
20888
20873
20948
20969
20795
20813
21129
20837
20891
20870
20976
21155
20919
19087
19126
18748
18843
18795
18656
18770
18739
19047
18823
20126
20961
21163
21044
20943
20994
20862
20934
20990
21321
21261
22024
19558
19568
19452
19860
19716
19382
19533
19478
19565
19419
19608
28086
19664
19608
22191
21831
21803
21897
21997
21944
21928
22117
22621
21331
21282
21224
21118
21398
21140
21116
21017
21309
21115
21238
21319
21350
21533
19575
19669
19607
28032
37354
39017
369976
44732
23913
23883
23981
23981
23995
23887
23424
20458
19881
20376
20379
20488
20415
20544
20431
20420
20406
19014
18905
19029
19225
18948
19209
18960
19066
19023
19050
18978
19034
18885
19012
19050
19083
18911
19219
19147
18866
19060
19193
37648
36758
50350
22113
34751
22164
22131
22082
22156
22164
22117
22136
40356
44797
22964
22939
23267
22993
22964
22934
23296
22403
20587
20723
20601
20423
40534
24811
30866
45695
43924
22335
22278
24551
22464
22233
22369
22096
22070
22311
22599
22087
22062
21725
21635
21994
22099
22061
22240
22159
22210
22175
22196
22041
21663
19784
19837
19853
19933
19892
19838
19893
19924
19908
19900
19949
19866
19829
19912
19910
19959
19872
28275
39647
55818
24222
23096
22341
22304
22254
22287
22322
22344
22195
32683
22381
22274
22330
22330
22239
22578
22598
22295
22301
22358
21164
20016
31462
19178
19121
19396
19526
19328
19420
19261
19183
19336
19504
19295
19187
19295
19199
19316
18701
18686
18822
18818
18598
18675
18665
18598
18623
18571
18612
18856
19336
19372
19621
19524
19260
19505
19646
19290
19516
19268
19597
19407
19480
20973
20709
20900
20837
20846
20861
20808
21019
20810
20827
20877
20837
22477
22549
22436
22518
22468
22422
22646
22514
23337
21665
21643
21661
22004
21538
69005
21608
21634
21641
21706
21543
21825
21731
22747
20119
20271
20117
20122
20351
20278
20203
20344
21269
19696
19470
19697
19480
19513
19473
19615
19479
19524
19397
19692
27345
21603
22578
22574
22566
22543
22721
22685
22628
22810
22529
22664
23078
21115
20982
21321
20903
21090
21288
21301
20995
20801
21099
20946
20977
22927
22857
31829
22660
22708
22676
22635
22619
22726
22683
22750
22721
22682
23159
21195
20951
20915
21060
21299
55078
44120
21171
21067
20307
20297
20330
20488
20347
20312
20288
20292
20543
20377
20566
20507
20358
20313
20435
20510
20560
18969
19184
18441
19087
18889
19192
18889
19121
19175
18965
28015
27580
22500
37674
21121
21817
21125
21136
21088
21249
21068
21150
21063
21046
21010
21104
21317
22029
19902
20430
20309
20274
20463
20331
20523
17803
17797
17949
17858
17762
18410
18423
18461
18479
18543
18722
18590
18499
18497
18665
18683
18495
18635
18665
18459
18635
18666
20326
19646
19986
20002
26119
19755
19821
19727
20541
19134
19096
19320
19260
27227
19198
18622
19050
19088
19045
19057
19091
19086
19231
20068
18457
18467
18705
18398
18448
18482
18666
18700
18676
18604
18547
18647
18673
18499
18708
18462
18638
18404
18498
18506
18515
18693
18520
26671
19190
19268
19160
19219
19195
19504
18725
19156
19188
19420
19445
19374
19232
19481
19475
20137
18491
18480
18442
18627
421494
80324
28771
28776
28847
31319
28818
29351
29084
29302
28591
49628
32708
29185
29187
25161
25364
25179
25294
25048
25355
26903
26141
26454
26545
26286
26311
26529
26615
26516
26578
26476
26351
26355
26342
40928
27276
25259
25188
25336
25168
25250
25470
25233
25125
25436
25403
25474
25453
25201
25459
25247
25315
25247
25451
25293
25434
25458
25525
35303
25350
25161
25270
25284
25237
25319
25284
25220
25273
33467
25357
25352
25311
25320
56943
25444
25319
25290
24698
25269
25266
25414
26790
26316
26415
26405
26368
26422
26511
26417
26560
26110
24221
24235
24215
24315
24156
24251
24369
24320
24248
24253
24393
23699
24331
24347
24219
24369
24520
24186
24102
24324
24348
23383
20096
20477
20229
20155
20344
20315
20149
20180
20372
20272
20164
20173
20249
20247
29151
20243
20290
19693
20224
20238
20281
20251
20268
20160
20101
20361
20245
20215
24079
23299
23606
23264
23587
23582
23449
23469
23422
23730
23554
23446
23715
23466
23681
23534
28516
20332
20329
20264
20202
19741
20274
20275
20340
20298
20481
20317
20248
20464
20301
20197
20587
20213
20463
20270
20454
20296
20420
20205
20283
20181
20210
28689
20401
20243
20335
20238
20290
20285
20278
20259
20365
20366
20268
22371
22025
21895
21891
22031
21884
21835
22013
21891
22104
21869
21730
22075
21798
21804
21794
22077
22049
22215
30364
21901
21764
21873
22000
21943
21913
21869
21923
22111
33900
21911
21862
21837
21873
21830
21902
21849
21769
21889
21857
21861
21850
22818
20410
20341
19922
20496
20481
20409
20433
20316
20609
20456
20599
20330
20671
20470
20648
20580
22032
22014
22015
30364
22095
22246
21929
21950
22253
22097
21919
21938
21968
21988
22171
22035
21883
22052
23984
22015
22001
23385
22829
22936
22823
22806
22790
22754
22775
22753
22807
21199
21251
21147
21264
21226
21198
21243
21169
21236
21146
21201
21242
21854
20557
20475
20526
20513
34889
24908
24816
24714
25053
24838
24913
24792
24969
24322
25006
26513
27294
27394
27110
27180
27066
27239
27308
27219
27262
27298
27257
26949
27103
37382
24944
24842
24951
24947
24923
24938
24812
24887
24869
24899
24893
24908
24902
24752
25050
24927
24854
24969
24931
24985
24906
25021
24967
25016
34511
24971
24974
25005
25401
25625
24987
33269
33035
33334
33392
33844
32099
29998
30405
30365
30406
30009
30360
42600
30074
29931
29905
30687
26117
26111
25976
26071
26079
26057
26793
24418
25023
24464
24992
24999
25049
25108
24987
25072
25093
24982
24982
25084
25193
25141
24949
25287
24989
24991
25179
25040
27425
27783
27414
27646
27726
27685
26926
25159
25308
25469
25408
25167
25371
25148
25243
25460
25502
25114
25279
25222
25150
25504
25221
34485
33635
33604
33984
33635
33566
33581
33642
33659
33995
26307
26334
26531
26562
26295
26637
45985
30267
30243
30272
30395
30351
30371
30331
30345
30326
30367
30348
30381
30332
30324
30363
30377
30362
30335
30415
30466
30266
30410
30365
30298
30342
30774
30414
30588
30677
30353
30772
53369
30388
30400
30222
30437
30401
30443
30453
30472
30411
30398
30458
30488
30513
30319
30452
30443
30424
30444
30447
39734
30562
30551
30462
30392
30353
30254
30397
30173
30355
30713
30465
30765
30660
30456
30516
30720
30688
30802
30718
30699
30788
42374
30845
30563
36677
32307
32162
32307
32275
32381
32617
32383
32256
32234
32218
39159
33260
33945
33919
33937
34133
34026
34023
34569
33778
33846
33298
30820
30631
30514
30541
30893
30797
30765
30600
30630
30558
30533
30881
124326
31208
30705
31130
30702
30695
30677
30780
32818
32364
32436
32386
32379
32599
32312
32331
32273
32350
32107
32729
32408
32204
32310
32391
32333
32266
32356
32371
32279
32415
32357
32396
32344
32536
32480
32420
32385
32381
32894
32403
32826
48686
32521
32431
32479
32450
32352
32381
32423
32477
32415
32797
32548
32339
32637
32640
32355
44214
32527
32349
32589
32470
32526
32335
32521
32825
32719
32652
32504
32828
32488
33191
32677
32102
32869
32460
32552
44794
32435
32337
32526
32324
32567
32583
32579
32571
32558
32622
32597
32625
32411
32366
32592
32665
32640
32600
44104
32574
32471
32506
32632
32523
32403
32951
32894
32682
32991
32497
32664
32378
33005
32622
32589
33026
32665
33031
32782
32703
32552
32686
32654
32639
32691
32726
32712
32672
32709
32820
32755
32860
31289
31134
31167
31502
31137
30935
30960
31088
31131
31066
31199
30995
31093
31212
31158
31000
31132
31034
31173
31098
31227
31203
31148
30984
30896
31087
31180
30989
31264
31250
31193
31214
31131
31291
31524
31401
31118
31170
31020
31287
31289
31764
31219
31101
31500
31616
31247
31267
31217
31048
31183
31330
31136
31274
31517
31468
31515
31326
31291
31137
31693
31122
31224
31245
31579
31460
31503
31320
31298
31193
31134
31122
31639
31379
31396
31377
31184
31478
31401
31803
31426
31362
31556
31432
31381
31174
31265
42519
31453
31229
31371
31472
33747
32797
32827
33266
33396
32910
33044
32857
33498
34272
31707
31432
31530
31629
31447
31366
31721
33088
33007
32980
32886
33007
33113
33152
32999
33071
32918
33641
33240
33018
33216
33223
33011
33121
33135
44412
33182
33102
33189
33281
33173
33179
33540
33693
32951
33238
33455
33116
33410
32983
33241
33256
33475
33050
33107
44552
33255
32998
33109
33093
33243
33284
33315
33233
33620
33240
33538
33057
33576
33312
33553
33603
33251
33227
46560
33227
33046
33098
33025
33531
33299
33441
33304
33153
33311
33553
33403
33336
33710
33376
33420
33582
33587
45282
33447
33280
33405
33400
33422
33346
33390
33356
33123
33424
33353
33382
33328
33337
33551
33536
33503
33349
33277
33927
33413
33558
33640
33558
33696
33984
33458
33466
33392
33310
33389
33340
33350
33185
45599
33601
33235
33507
33825
33828
33455
33852
33717
33356
33533
33542
33550
33772
33871
33952
33814
25517
25792
25448
25719
25468
25439
25327
25421
25396
25302
25559
25436
25457
25546
25512
25557
25494
25328
25782
25865
25376
25779
25722
25821
25842
25512
25369
35156
25639
25456
25611
25543
27076
26829
26572
26858
26716
26674
26582
26635
26481
26711
26632
26643
27006
26657
26915
26663
26864
27986
29090
28868
29054
29018
29351
29307
29147
29436
29175
29169
29116
29138
29186
29376
29428
29355
29453
29441
28167
27918
28143
28187
27812
37937
27981
27822
27889
27846
27777
27805
27839
27899
27651
27874
27912
27953
27931
27940
27910
28088
27972
46469
28016
27897
30514
29325
29421
28511
28966
29150
29303
29419
29144
29260
29317
38860
56864
59093
50605
39339
39143
29385
29356
29232
45213
33941
33210
34011
33946
34020
34111
34084
33968
34046
34096
33976
44785
33207
34079
33822
34078
33922
34029
34012
30868
28147
28083
28388
28072
28314
28296
28290
28085
28282
38249
28155
27961
56888
64094
32399
32737
32790
32335
32641
32095
32248
32394
